1 0.59296875 0.18515625 0.02890625 0.04609375
1 0.5015625 0.846875 0.13046875 0.29140625
1 0.43984375 0.14453125 0.0375 0.03359375
1 0.0515625 0.4234375 0.09453125 0.16953125
1 0.553125 0.2421875 0.03203125 0.06015625
1 0.5046875 0.175 0.0140625 0.01875
1 0.32578125 0.1890625 0.04296875 0.06171875
3 0.7359375 0.1359375 0.0375 0.06015625
3 0.65625 0.128125 0.07578125 0.05078125
3 0.928125 0.4578125 0.03125 0.13203125
3 0.9328125 0.34921875 0.02734375 0.046875
3 0.59609375 0.03203125 0.02421875 0.01484375
3 0.840625 0.16328125 0.009375 0.0203125
3 0.5875 0.0328125 0.00703125 0.0140625
0 0.7546875 0.69140625 0.35390625 0.61328125
2 0.465625 0.30078125 0.0390625 0.04453125
2 0.478125 0.22734375 0.01328125 0.03046875
2 0.41953125 0.3390625 0.01796875 0.05625
2 0.378125 0.48046875 0.02890625 0.09921875
2 0.178125 0.45078125 0.02265625 0.06796875
4 0.1203125 0.2484375 0.1046875 0.165625
4 0.23671875 0.2140625 0.0734375 0.115625
4 0.184375 0.27734375 0.09140625 0.1453125
4 0.30703125 0.1671875 0.065625 0.08828125
4 0.49765625 0.43125 0.07890625 0.2140625
4 0.40625 0.15625 0.0328125 0.06875