1 0.484375 0.9265625 0.19921875 0.1453125
1 0.328125 0.19609375 0.10390625 0.06953125
1 0.63203125 0.175 0.08203125 0.06640625
1 0.83671875 0.19375 0.109375 0.08125
3 0.646875 0.04140625 0.0765625 0.04921875
3 0.72734375 0.05078125 0.03828125 0.06015625
3 0.9171875 0.37421875 0.03203125 0.13046875
3 0.921875 0.265625 0.028125 0.04921875
2 0.18359375 0.35078125 0.03359375 0.08125
2 0.52421875 0.75390625 0.0578125 0.14609375
2 0.2015625 0.2109375 0.04453125 0.059375
2 0.4015625 0.228125 0.0453125 0.06328125
2 0.45859375 0.22421875 0.0453125 0.05546875
2 0.75546875 0.25625 0.05546875 0.059375
2 0.58046875 0.74296875 0.046875 0.16171875
2 0.64609375 0.22890625 0.04765625 0.0546875
2 0.1484375 0.1875 0.03828125 0.0546875
2 0.59453125 0.240625 0.04921875 0.0546875
2 0.2703125 0.73125 0.05234375 0.17890625
2 0.13359375 0.8640625 0.0671875 0.21640625
2 0.55546875 0.21953125 0.03671875 0.05
2 0.30546875 0.2171875 0.04609375 0.05625
2 0.4140625 0.071875 0.01640625 0.0296875
2 0.77421875 0.20625 0.04140625 0.0609375
2 0.0140625 0.828125 0.028125 0.128125
2 0.66171875 0.08046875 0.01171875 0.02890625
2 0.65625 0.14296875 0.01953125 0.028125
2 0.7203125 0.22109375 0.04375 0.05
2 0.19921875 0.79921875 0.0625 0.1453125
2 0.621875 0.1296875 0.01484375 0.028125
2 0.9640625 0.3234375 0.0453125 0.05703125
2 0.84140625 0.23125 0.05234375 0.05859375
2 0.67734375 0.19375 0.04609375 0.04375
2 0.25390625 0.17109375 0.03203125 0.05
2 0.1921875 0.70703125 0.06328125 0.13515625
2 0.2796875 0.209375 0.03828125 0.05078125