1 0.175 0.3640625 0.1171875 0.10625
1 0.14609375 0.175 0.06640625 0.0484375
1 0.77265625 0.2234375 0.08984375 0.0546875
1 0.41640625 0.19375 0.0515625 0.04609375
1 0.8625 0.20703125 0.08046875 0.0453125
1 0.4859375 0.96875 0.15390625 0.06015625
1 0.3171875 0.17890625 0.0578125 0.0484375
1 0.9890625 0.21640625 0.0203125 0.03828125
3 0.65546875 0.1265625 0.075 0.04921875
3 0.59453125 0.0296875 0.02421875 0.01328125
3 0.734375 0.13359375 0.0375 0.05625
3 0.5515625 0.146875 0.034375 0.0515625
3 0.9265625 0.45703125 0.03046875 0.1296875
3 0.921875 0.55859375 0.025 0.04140625
3 0.4953125 0.1390625 0.075 0.04921875
3 0.93046875 0.34765625 0.02734375 0.0453125
2 0.47421875 0.54609375 0.04296875 0.09453125
2 0.69921875 0.40390625 0.05859375 0.0640625
2 0.528125 0.81875 0.06484375 0.190625
2 0.3828125 0.5640625 0.03515625 0.0984375
2 0.70546875 0.8484375 0.06796875 0.1953125
2 0.5890625 0.81875 0.04765625 0.153125
2 0.48671875 0.184375 0.025 0.040625
2 0.40859375 0.46328125 0.02890625 0.08046875
2 0.7984375 0.24609375 0.021875 0.03984375
2 0.6546875 0.20625 0.03046875 0.04453125
2 0.278125 0.81015625 0.05390625 0.18125
2 0.25859375 0.19296875 0.02578125 0.03125
2 0.21015625 0.17109375 0.021875 0.03671875
2 0.1984375 0.79140625 0.06484375 0.146875
2 0.66015625 0.93046875 0.07578125 0.13671875
2 0.7171875 0.73359375 0.05078125 0.14140625
2 0.5265625 0.55703125 0.03828125 0.09921875
2 0.1 0.85859375 0.08046875 0.14609375