1 0.471875 0.83046875 0.15859375 0.33828125
1 0.59609375 0.1046875 0.06953125 0.04609375
1 0.88046875 0.9359375 0.2375 0.12578125
3 0.6515625 0.0359375 0.07578125 0.04921875
3 0.92421875 0.365625 0.03125 0.1296875
3 0.92890625 0.25625 0.028125 0.046875
3 0.546875 0.06171875 0.03515625 0.0546875
0 0.80625 0.07890625 0.20546875 0.1296875
2 0.378125 0.39140625 0.0546875 0.08671875
2 0.153125 0.33359375 0.0484375 0.071875
2 0.503125 0.54921875 0.0421875 0.109375
2 0.34609375 0.91796875 0.07109375 0.16328125
2 0.44765625 0.54296875 0.04140625 0.0890625
2 0.37421875 0.2796875 0.04453125 0.06328125
2 0.096875 0.403125 0.0765625 0.08359375
2 0.49453125 0.17109375 0.034375 0.0453125
2 0.18046875 0.1 0.025 0.040625
2 0.6078125 0.171875 0.03046875 0.04609375
2 0.0953125 0.50234375 0.03203125 0.06953125
2 0.2703125 0.3140625 0.04609375 0.06015625
2 0.66953125 0.1578125 0.0328125 0.04375
2 0.48203125 0.103125 0.028125 0.0359375
2 0.53046875 0.18046875 0.02890625 0.05625
2 0.24375 0.69296875 0.0671875 0.15703125
2 0.49921875 0.465625 0.0375 0.1
2 0.546875 0.56796875 0.03359375 0.0984375
2 0.6796875 0.93046875 0.05859375 0.13671875
2 0.57578125 0.1609375 0.03359375 0.040625
2 0.6171875 0.13359375 0.03125 0.034375
2 0.134375 0.1015625 0.02421875 0.040625
2 0.5390625 0.4265625 0.03046875 0.0859375
2 0.44921875 0.1109375 0.0203125 0.0390625
2 0.6546875 0.11328125 0.03046875 0.03515625
2 0.25546875 0.09140625 0.028125 0.046875
2 0.1015625 0.1 0.03671875 0.04453125
2 0.471875 0.15625 0.0265625 0.0484375
2 0.25625 0.38046875 0.05390625 0.06484375
2 0.35625 0.24609375 0.034375 0.05859375
2 0.21796875 0.103125 0.02578125 0.04375
4 0.7265625 0.58515625 0.27109375 0.528125
4 0.3234375 0.16484375 0.23203125 0.1796875