1 0.4765625 0.76953125 0.13984375 0.30546875
1 0.04296875 0.13515625 0.08359375 0.05703125
3 0.64375 0.0515625 0.07578125 0.04921875
3 0.91328125 0.384375 0.03125 0.13125
3 0.53984375 0.0734375 0.03515625 0.0546875
3 0.91796875 0.275 0.02734375 0.04609375
3 0.48203125 0.06640625 0.07578125 0.0484375
0 0.74140625 0.653125 0.35 0.68984375
2 0.05625 0.5203125 0.06640625 0.0984375
2 0.3421875 0.759375 0.05546875 0.19921875
2 0.39609375 0.11015625 0.0125 0.0390625
2 0.15234375 0.20078125 0.0328125 0.06015625
2 0.65546875 0.1640625 0.02421875 0.04453125
2 0.27890625 0.20546875 0.0421875 0.05
2 0.215625 0.221875 0.0421875 0.0546875
2 0.5953125 0.196875 0.04296875 0.04921875
2 0.3671875 0.2453125 0.0421875 0.0515625
2 0.41328125 0.23203125 0.0484375 0.05390625
2 0.5140625 0.25078125 0.0515625 0.0546875
2 0.04296875 0.73828125 0.06875 0.1890625
2 0.4375 0.11328125 0.01328125 0.03984375
2 0.78515625 0.1296875 0.02890625 0.03671875
2 0.0328125 0.17421875 0.03515625 0.0546875
2 0.27109375 0.7046875 0.04296875 0.11875
2 0.19140625 0.9046875 0.06484375 0.18515625
2 0.878125 0.20390625 0.0171875 0.040625
2 0.27734375 0.14609375 0.021875 0.034375
2 0.55546875 0.16953125 0.02890625 0.046875
2 0.39140625 0.55546875 0.04765625 0.13359375
2 0.59609375 0.15703125 0.01953125 0.03515625
2 0.3234375 0.1359375 0.01171875 0.034375
2 0.70390625 0.16484375 0.02578125 0.04453125
2 0.07578125 0.20546875 0.034375 0.053125
2 0.72421875 0.165625 0.03203125 0.05703125
2 0.103125 0.1546875 0.0328125 0.0484375
2 0.00546875 0.17109375 0.0109375 0.0421875
2 0.15390625 0.7875 0.06484375 0.18828125