1 0.21796875 0.34921875 0.109375 0.09453125
1 0.45234375 0.203125 0.06328125 0.046875
1 0.18203125 0.184375 0.0671875 0.0484375
1 0.8015625 0.23125 0.09140625 0.05546875
1 0.025 0.47578125 0.05 0.1265625
1 0.4859375 0.9734375 0.1484375 0.0515625
1 0.62890625 0.19453125 0.09765625 0.0515625
3 0.59453125 0.03828125 0.02421875 0.0140625
3 0.6546875 0.134375 0.07421875 0.05
3 0.734375 0.14140625 0.03828125 0.05546875
3 0.5515625 0.15546875 0.034375 0.0515625
3 0.9265625 0.4640625 0.03046875 0.13046875
3 0.921875 0.56640625 0.02578125 0.04140625
3 0.16328125 0.04609375 0.00703125 0.015625
2 0.27734375 0.81796875 0.05390625 0.18046875
2 0.44609375 0.575 0.05625 0.0984375
2 0.52109375 0.19296875 0.0265625 0.04140625
2 0.85078125 0.40546875 0.0453125 0.071875
2 0.3828125 0.571875 0.03359375 0.09921875
2 0.6390625 0.42421875 0.0578125 0.06796875
2 0.528125 0.55859375 0.03828125 0.08671875
2 0.409375 0.46875 0.02890625 0.08046875
2 0.7046875 0.85703125 0.06796875 0.19375
2 0.73359375 0.771875 0.0515625 0.1390625
2 0.58984375 0.82578125 0.0484375 0.15390625
2 0.05390625 0.9109375 0.08984375 0.175
2 0.79765625 0.25390625 0.02109375 0.03828125
2 0.70546875 0.2140625 0.03203125 0.04609375
2 0.29453125 0.1984375 0.02578125 0.040625
2 0.20546875 0.890625 0.06484375 0.15
2 0.6578125 0.9359375 0.07421875 0.1265625
2 0.1203125 0.9203125 0.1015625 0.15703125
2 0.31875 0.18828125 0.01796875 0.0296875
2 0.25 0.18046875 0.0234375 0.03984375
2 0.69453125 0.1984375 0.03046875 0.040625
2 0.4015625 0.1890625 0.02265625 0.0390625
2 0.1984375 0.79765625 0.06484375 0.14375
2 0.528125 0.82578125 0.06484375 0.190625