1 0.1875 0.18203125 0.0828125 0.06015625
1 0.53984375 0.59375 0.1125 0.23359375
1 0.5078125 0.2046875 0.08203125 0.0609375
1 0.5015625 0.8984375 0.1734375 0.2015625
1 0.61953125 0.17578125 0.078125 0.0703125
1 0.80703125 0.8765625 0.19453125 0.2453125
2 0.47890625 0.246875 0.03984375 0.0609375
2 0.35703125 0.24921875 0.04296875 0.06640625
2 0.734375 0.2171875 0.04140625 0.0453125
2 0.59921875 0.24140625 0.05234375 0.05625
2 0.28359375 0.23203125 0.05078125 0.0515625
2 0.1375 0.22109375 0.03203125 0.0484375
2 0.81796875 0.2359375 0.04609375 0.046875
2 0.63828125 0.12265625 0.01875 0.03046875
2 0.59609375 0.50078125 0.03671875 0.1140625
2 0.20234375 0.2265625 0.05546875 0.05078125
2 0.2859375 0.13125 0.0203125 0.02578125
2 0.33125 0.1484375 0.03515625 0.03125
2 0.08828125 0.21640625 0.03984375 0.0484375
2 0.63046875 0.21328125 0.03828125 0.04609375
2 0.70234375 0.19921875 0.02578125 0.0390625
2 0.55390625 0.17109375 0.01953125 0.03671875
2 0.40703125 0.23046875 0.0328125 0.05390625
2 0.6234375 0.1046875 0.0109375 0.02421875
2 0.15546875 0.128125 0.02109375 0.02890625
2 0.765625 0.19921875 0.02734375 0.03515625
2 0.778125 0.22578125 0.03984375 0.04453125