1 0.55859375 0.203125 0.04609375 0.06953125
1 0.4890625 0.878125 0.1609375 0.24140625
1 0.5046875 0.42578125 0.0765625 0.134375
1 0.3484375 0.10703125 0.0484375 0.04375
1 0.6015625 0.16171875 0.03046875 0.05078125
0 0.728125 0.49140625 0.17421875 0.51484375
2 0.37734375 0.30390625 0.01953125 0.046875
2 0.49609375 0.24453125 0.01484375 0.04140625
2 0.3875 0.23359375 0.01640625 0.0359375
2 0.2375 0.1390625 0.02421875 0.02578125
2 0.5453125 0.55078125 0.04140625 0.121875
2 0.421875 0.33046875 0.01953125 0.05625
2 0.29609375 0.14453125 0.02421875 0.02421875
2 0.1765625 0.39140625 0.04921875 0.06953125
2 0.20546875 0.12578125 0.01953125 0.02890625
2 0.16953125 0.13828125 0.0203125 0.02578125
2 0.134375 0.13359375 0.0203125 0.025
2 0.4671875 0.3234375 0.0171875 0.0484375
2 0.478125 0.21015625 0.01484375 0.040625
2 0.796875 0.190625 0.02734375 0.03515625
2 0.52578125 0.1765625 0.015625 0.03359375
2 0.196875 0.19140625 0.034375 0.05859375
2 0.47421875 0.128125 0.0109375 0.0296875