1 0.075 0.13984375 0.0828125 0.0609375
1 0.4765625 0.76015625 0.13984375 0.30546875
1 0.1375 0.13046875 0.08515625 0.05859375
3 0.64453125 0.04140625 0.07578125 0.04921875
3 0.91328125 0.37421875 0.03125 0.1296875
3 0.53984375 0.0640625 0.034375 0.05390625
3 0.72421875 0.04921875 0.03671875 0.05859375
3 0.48359375 0.05546875 0.07578125 0.0484375
0 0.7421875 0.6484375 0.34921875 0.7
2 0.3421875 0.74921875 0.05546875 0.19921875
2 0.21875 0.4765625 0.05390625 0.10859375
2 0.15390625 0.83046875 0.06953125 0.203125
2 0.82734375 0.246875 0.05390625 0.06796875
2 0.4515625 0.11796875 0.01171875 0.03359375
2 0.78125 0.19296875 0.04296875 0.046875
2 0.03984375 0.1703125 0.034375 0.05390625
2 0.47734375 0.2125 0.04609375 0.0546875
2 0.71796875 0.23828125 0.05 0.05859375
2 0.4671875 0.1265625 0.01484375 0.03359375
2 0.2296875 0.203125 0.0359375 0.05390625
2 0.41953125 0.2265625 0.04296875 0.05078125
2 0.2578125 0.58984375 0.05 0.1390625
2 0.675 0.22421875 0.04765625 0.053125
2 0.5484375 0.26640625 0.04765625 0.05859375
2 0.78515625 0.11953125 0.02890625 0.0359375
2 0.271875 0.2203125 0.04140625 0.059375
2 0.42578125 0.16875 0.03515625 0.04140625
2 0.32109375 0.59609375 0.04453125 0.1234375
2 0.2953125 0.08046875 0.01953125 0.0296875
2 0.1546875 0.1890625 0.0421875 0.0515625
2 0.6875 0.171875 0.0328125 0.04375
2 0.73828125 0.165625 0.034375 0.04296875
2 0.09453125 0.1765625 0.03515625 0.05703125
2 0.63828125 0.20625 0.040625 0.0484375
2 0.3140625 0.12890625 0.02578125 0.03828125
2 0.5390625 0.209375 0.04140625 0.04453125
2 0.353125 0.17734375 0.034375 0.04375
2 0.40625 0.11796875 0.0140625 0.03359375
2 0.390625 0.55859375 0.04765625 0.109375
2 0.3734375 0.20859375 0.03515625 0.05390625
2 0.71171875 0.15703125 0.025 0.040625
2 0.86953125 0.17578125 0.03515625 0.04921875
2 0.84375 0.17734375 0.04140625 0.04921875
2 0.26640625 0.16328125 0.03359375 0.0390625
2 0.20703125 0.171875 0.03046875 0.0484375