1 0.209375 0.19375 0.06640625 0.059375
1 0.50078125 0.859375 0.14609375 0.27890625
1 0.8015625 0.26875 0.1203125 0.08671875
1 0.8484375 0.24609375 0.10859375 0.07421875
1 0.63828125 0.18046875 0.04453125 0.0609375
1 0.3078125 0.21484375 0.0921875 0.07578125
1 0.10625 0.82578125 0.20390625 0.3453125
1 0.2765625 0.16953125 0.09765625 0.06328125
1 0.0359375 0.24296875 0.06328125 0.08125
1 0.50390625 0.23125 0.08984375 0.0703125
1 0.728125 0.83125 0.16796875 0.26171875
1 0.57109375 0.159375 0.05859375 0.06171875
1 0.571875 0.2125 0.1015625 0.08203125
0 0.7515625 0.1703125 0.18828125 0.128125
0 0.08984375 0.1703125 0.1796875 0.125
2 0.2671875 0.546875 0.05703125 0.10078125
2 0.66796875 0.54609375 0.04453125 0.11640625
2 0.56796875 0.26796875 0.04453125 0.05390625
2 0.31875 0.75390625 0.05703125 0.165625
2 0.415625 0.253125 0.05 0.06640625
2 0.759375 0.290625 0.05390625 0.06640625
2 0.3328125 0.48828125 0.03828125 0.10859375
2 0.5015625 0.5296875 0.04296875 0.1203125
2 0.24296875 0.91171875 0.065625 0.17421875
2 0.5046875 0.25703125 0.0421875 0.046875
2 0.33828125 0.87421875 0.0625 0.19296875
2 0.5734375 0.540625 0.03359375 0.11328125
2 0.6734375 0.21953125 0.03828125 0.040625
2 0.32578125 0.2234375 0.0375 0.0640625
2 0.4515625 0.2203125 0.02265625 0.03671875
2 0.51640625 0.1578125 0.01953125 0.034375
2 0.384375 0.7515625 0.05546875 0.190625