1 0.4765625 0.76953125 0.13984375 0.3046875
1 0.05625 0.13671875 0.0859375 0.05859375
3 0.53984375 0.0734375 0.03515625 0.0546875
3 0.64375 0.0515625 0.07578125 0.04921875
3 0.91328125 0.384375 0.03125 0.13125
3 0.91796875 0.275 0.02734375 0.04609375
3 0.4828125 0.06640625 0.075 0.0484375
3 0.72421875 0.059375 0.03671875 0.05546875
3 0.9078125 0.48515625 0.025 0.04296875
0 0.74140625 0.653125 0.35 0.68984375
2 0.3421875 0.759375 0.05546875 0.19921875
2 0.03984375 0.51875 0.06640625 0.08515625
2 0.63671875 0.1984375 0.04296875 0.05078125
2 0.55 0.253125 0.05078125 0.05390625
2 0.240625 0.22421875 0.04140625 0.053125
2 0.21015625 0.85390625 0.06484375 0.178125
2 0.27421875 0.66953125 0.03359375 0.11484375
2 0.67265625 0.16796875 0.0265625 0.04453125
2 0.38828125 0.2484375 0.04375 0.053125
2 0.06875 0.690625 0.06328125 0.17890625
2 0.30078125 0.20859375 0.04296875 0.04921875
2 0.04765625 0.178125 0.034375 0.0515625
2 0.78515625 0.1296875 0.02890625 0.03671875
2 0.4390625 0.11796875 0.0140625 0.03671875
2 0.290625 0.1453125 0.03359375 0.03671875
2 0.7484375 0.171875 0.034375 0.04921875
2 0.4453125 0.23359375 0.053125 0.059375
2 0.18515625 0.18125 0.0359375 0.04453125
2 0.42734375 0.10078125 0.01328125 0.03515625
2 0.7234375 0.16640625 0.02890625 0.04609375
2 0.0109375 0.19375 0.021875 0.04296875
2 0.39140625 0.55625 0.04765625 0.13359375
2 0.01171875 0.1640625 0.0234375 0.059375
2 0.1625 0.20625 0.03203125 0.05078125
2 0.60234375 0.171875 0.028125 0.04140625
2 0.5765625 0.17734375 0.034375 0.04140625
2 0.1203125 0.19375 0.0328125 0.04609375
2 0.16953125 0.75625 0.06171875 0.18125
2 0.328125 0.19765625 0.03515625 0.04140625
2 0.396875 0.11640625 0.01171875 0.03046875
2 0.52421875 0.19375 0.03359375 0.04921875
2 0.09765625 0.2109375 0.034375 0.05078125