1 0.47578125 0.76953125 0.13984375 0.30546875
3 0.9125 0.38359375 0.03125 0.13046875
3 0.64296875 0.05 0.07578125 0.0484375
3 0.5390625 0.071875 0.034375 0.05390625
3 0.72265625 0.05859375 0.03359375 0.0546875
3 0.45703125 0.06640625 0.02421875 0.04296875
0 0.740625 0.653125 0.34921875 0.690625
2 0.340625 0.75859375 0.0546875 0.20078125
2 0.596875 0.1484375 0.0203125 0.04140625
2 0.48671875 0.15703125 0.021875 0.03828125
2 0.125 0.21484375 0.04140625 0.05390625
2 0.20234375 0.19609375 0.0390625 0.0484375
2 0.4328125 0.103125 0.01171875 0.0390625
2 0.7171875 0.184375 0.03984375 0.04296875
2 0.38046875 0.24296875 0.05546875 0.05546875
2 0.29140625 0.234375 0.04453125 0.05390625
2 0.64375 0.15859375 0.02578125 0.0484375
2 0.0484375 0.15859375 0.021875 0.0453125
2 0.08125 0.91171875 0.0765625 0.175
2 0.5109375 0.1421875 0.015625 0.0359375
2 0.24453125 0.14296875 0.03203125 0.03515625
2 0.78359375 0.13046875 0.02890625 0.034375
2 0.86640625 0.24453125 0.034375 0.04921875
2 0.39375 0.10625 0.01171875 0.03046875
2 0.2375 0.83125 0.06640625 0.1984375
2 0.5265625 0.15078125 0.01953125 0.03984375
2 0.08828125 0.18046875 0.0375 0.04453125
2 0.45625 0.18828125 0.04375 0.0515625
2 0.321875 0.18984375 0.04140625 0.0484375
2 0.55078125 0.14375 0.01953125 0.03828125
2 0.4015625 0.21015625 0.04140625 0.05
2 0.38984375 0.55546875 0.04921875 0.13515625
2 0.1515625 0.196875 0.03984375 0.05
2 0.2375 0.17734375 0.0328125 0.05078125
2 0.10078125 0.5609375 0.05390625 0.1203125
2 0.32421875 0.128125 0.01171875 0.03125
2 0.02890625 0.1859375 0.0328125 0.05078125
2 0.009375 0.19375 0.01796875 0.05390625