1 0.5921875 0.1859375 0.02890625 0.04453125
1 0.43828125 0.14375 0.03125 0.03203125
1 0.5015625 0.85390625 0.13203125 0.28984375
1 0.053125 0.42109375 0.09921875 0.16796875
1 0.63125 0.203125 0.0328125 0.05390625
1 0.55234375 0.24296875 0.03359375 0.06015625
1 0.61328125 0.3375 0.06484375 0.115625
1 0.503125 0.17421875 0.01484375 0.01953125
1 0.32734375 0.1890625 0.04296875 0.06015625
3 0.65625 0.128125 0.07578125 0.05
3 0.928125 0.45703125 0.03046875 0.13125
3 0.7359375 0.1359375 0.0375 0.059375
3 0.59609375 0.03203125 0.02421875 0.015625
3 0.9328125 0.3484375 0.02734375 0.046875
0 0.7609375 0.69375 0.36484375 0.609375
2 0.41796875 0.340625 0.01796875 0.059375
2 0.37421875 0.48828125 0.02890625 0.10390625
2 0.47734375 0.228125 0.0125 0.03046875
2 0.46796875 0.30078125 0.03359375 0.04296875
2 0.178125 0.45078125 0.02265625 0.06796875
4 0.125 0.246875 0.1046875 0.1609375
4 0.24140625 0.21328125 0.0703125 0.11484375
4 0.1859375 0.27578125 0.08984375 0.1453125
4 0.496875 0.434375 0.0796875 0.215625