1 0.4796875 0.93828125 0.1875 0.12109375
1 0.31875 0.18125 0.09375 0.06953125
1 0.71875 0.184375 0.07890625 0.06953125
1 0.58046875 0.14375 0.07109375 0.05
1 0.4984375 0.1875 0.08203125 0.06015625
3 0.9171875 0.3984375 0.03203125 0.12890625
3 0.7265625 0.07421875 0.03828125 0.06015625
3 0.54375 0.0890625 0.03515625 0.053125
3 0.92109375 0.28984375 0.0265625 0.04453125
3 0.646875 0.065625 0.0765625 0.05078125
0 0.16328125 0.1859375 0.2 0.14296875
2 0.59921875 0.23671875 0.04453125 0.05703125
2 0.05703125 0.19453125 0.03359375 0.053125
2 0.6875 0.2765625 0.0515625 0.053125
2 0.4046875 0.240625 0.04296875 0.0546875
2 0.82421875 0.259375 0.05390625 0.059375
2 0.440625 0.14375 0.01328125 0.03671875
2 0.47578125 0.23046875 0.0421875 0.053125
2 0.7890625 0.42421875 0.02578125 0.05703125
2 0.35703125 0.2203125 0.040625 0.0484375
2 0.22109375 0.925 0.06875 0.1484375
2 0.6421875 0.17734375 0.02734375 0.0359375
2 0.48046875 0.13984375 0.0125 0.03515625
2 0.87109375 0.2390625 0.03671875 0.046875
2 0.73828125 0.26328125 0.05 0.05390625
2 0.46484375 0.1234375 0.009375 0.03203125
2 0.79296875 0.23203125 0.03515625 0.046875
2 0.1921875 0.73828125 0.06328125 0.15
2 0.05078125 0.96640625 0.06015625 0.06484375
2 0.6953125 0.203125 0.03671875 0.04296875
2 0.76953125 0.209375 0.034375 0.03984375
2 0.8046875 0.16015625 0.0234375 0.04296875
2 0.4171875 0.17890625 0.034375 0.04375
2 0.73984375 0.940625 0.06640625 0.11796875
2 0.66171875 0.10546875 0.01171875 0.028125
2 0.19921875 0.82421875 0.06328125 0.14609375
2 0.53671875 0.16640625 0.025 0.03828125
2 0.3671875 0.17421875 0.0375 0.053125
2 0.27109375 0.75390625 0.053125 0.18046875
2 0.48515625 0.21953125 0.03828125 0.059375
2 0.54140625 0.23046875 0.04453125 0.05078125
2 0.009375 0.18671875 0.01796875 0.04453125