1 0.59296875 0.18359375 0.028125 0.0453125
1 0.50234375 0.79921875 0.12421875 0.29609375
1 0.43359375 0.146875 0.03203125 0.03203125
1 0.0453125 0.43203125 0.08984375 0.17578125
1 0.63046875 0.2015625 0.03359375 0.053125
1 0.509375 0.17421875 0.009375 0.01796875
1 0.55390625 0.2390625 0.03046875 0.05703125
1 0.32265625 0.1921875 0.046875 0.06171875
1 0.61171875 0.3265625 0.06171875 0.11328125
3 0.928125 0.45859375 0.03125 0.13125
3 0.59609375 0.03203125 0.02578125 0.01640625
3 0.5875 0.03359375 0.00703125 0.01484375
0 0.73828125 0.6859375 0.325 0.625
2 0.384375 0.4546875 0.02734375 0.09609375
2 0.425 0.33203125 0.01796875 0.0515625
2 0.17890625 0.4484375 0.02265625 0.07109375
2 0.4515625 0.303125 0.03828125 0.040625
2 0.48203125 0.22421875 0.0109375 0.0296875
4 0.109375 0.2546875 0.11015625 0.171875
4 0.178125 0.28125 0.09296875 0.14921875
4 0.2296875 0.21953125 0.0765625 0.11640625
4 0.49765625 0.42265625 0.07734375 0.20859375
4 0.40390625 0.15859375 0.02734375 0.06953125