1 0.11640625 0.13828125 0.08828125 0.06171875
1 0.47734375 0.75625 0.13984375 0.30625
1 0.17109375 0.13046875 0.084375 0.0640625
1 0.48515625 0.096875 0.04140625 0.0515625
3 0.64453125 0.03515625 0.07578125 0.05
3 0.53984375 0.05859375 0.03515625 0.0546875
3 0.725 0.04375 0.03671875 0.05625
3 0.9140625 0.36953125 0.03203125 0.1296875
3 0.48359375 0.05078125 0.07578125 0.046875
3 0.91875 0.259375 0.02734375 0.0453125
0 0.74140625 0.64609375 0.35 0.7046875
2 0.18359375 0.78046875 0.0734375 0.18828125
2 0.046875 0.815625 0.05546875 0.19296875
2 0.3421875 0.74375 0.0546875 0.19921875
2 0.50234375 0.428125 0.05703125 0.07109375
2 0.496875 0.2265625 0.0453125 0.0546875
2 0.83984375 0.240625 0.053125 0.05625
2 0.35625 0.22421875 0.04296875 0.05546875
2 0.0859375 0.171875 0.03359375 0.05078125
2 0.78359375 0.225 0.05078125 0.05390625
2 0.55703125 0.21328125 0.04765625 0.05546875
2 0.1453125 0.17421875 0.03671875 0.0609375
2 0.6171875 0.271875 0.05234375 0.05546875
2 0.7296875 0.209375 0.04921875 0.0515625
2 0.4140625 0.11640625 0.01640625 0.03671875
2 0.609375 0.20859375 0.04296875 0.05078125
2 0.25 0.08125 0.0234375 0.0296875
2 0.28359375 0.54296875 0.04375 0.13125
2 0.2609375 0.2 0.03828125 0.05703125
2 0.44375 0.10859375 0.01796875 0.0359375
2 0.29140625 0.42109375 0.05546875 0.0890625
2 0.87421875 0.19453125 0.025 0.05390625
2 0.46484375 0.11796875 0.01484375 0.0390625
2 0.48984375 0.12890625 0.01875 0.03046875
2 0.325 0.16328125 0.03203125 0.03828125
2 0.9515625 0.25546875 0.05 0.059375
2 0.33125 0.19453125 0.03046875 0.0484375
2 0.03125 0.15234375 0.0421875 0.05078125
2 0.30625 0.1265625 0.01953125 0.03125
2 0.85234375 0.1859375 0.03203125 0.03671875
2 0.753125 0.17421875 0.03828125 0.04453125
2 0.04296875 0.1359375 0.02734375 0.0390625
2 0.50703125 0.17109375 0.03828125 0.0453125
2 0.7734375 0.1578125 0.03203125 0.03984375
2 0.42734375 0.1765625 0.03203125 0.04375
2 0.80625 0.17109375 0.0390625 0.04296875
2 0.7859375 0.11484375 0.0296875 0.03671875
2 0.3921875 0.54140625 0.04765625 0.134375
2 0.0109375 0.17734375 0.021875 0.0671875
2 0.9515625 0.178125 0.03515625 0.053125
2 0.221875 0.1890625 0.04140625 0.05078125
2 0.44609375 0.209375 0.04765625 0.0546875