1 0.47734375 0.76328125 0.13984375 0.30703125
1 0.04140625 0.14140625 0.08125 0.05859375
1 0.1125 0.13203125 0.08671875 0.05859375
3 0.91328125 0.378125 0.03125 0.13125
3 0.64453125 0.04375 0.07578125 0.05078125
3 0.725 0.05234375 0.03671875 0.05859375
3 0.91875 0.26875 0.028125 0.0484375
3 0.53984375 0.06796875 0.03515625 0.05546875
0 0.7421875 0.65 0.34921875 0.69609375
2 0.12421875 0.90390625 0.07109375 0.1890625
2 0.3421875 0.753125 0.0546875 0.19921875
2 0.21015625 0.2140625 0.0421875 0.06171875
2 0.625 0.240625 0.04921875 0.05546875
2 0.23203125 0.63515625 0.05234375 0.15
2 0.64140625 0.1703125 0.03046875 0.04296875
2 0.7796875 0.1734375 0.03828125 0.04921875
2 0.49453125 0.26015625 0.04609375 0.05546875
2 0.05546875 0.1765625 0.03671875 0.05546875
2 0.3609375 0.225 0.0421875 0.05390625
2 0.73046875 0.2484375 0.06015625 0.06484375
2 0.4171875 0.2125 0.0453125 0.05078125
2 0.859375 0.209375 0.05078125 0.05390625
2 0.15546875 0.1703125 0.03828125 0.05703125
2 0.29609375 0.178125 0.03984375 0.04375
2 0.40234375 0.11640625 0.01484375 0.03515625
2 0.66875 0.15703125 0.01796875 0.034375
2 0.3671875 0.15703125 0.03515625 0.05859375
2 0.78515625 0.1234375 0.0296875 0.03671875
2 0.43046875 0.103125 0.01484375 0.03984375
2 0.68828125 0.165625 0.025 0.04140625
2 0.16875 0.53125 0.0515625 0.12109375
2 0.709375 0.184375 0.04140625 0.04609375
2 0.10234375 0.190625 0.04140625 0.05
2 0.315625 0.134375 0.0234375 0.0390625
2 0.33046875 0.20703125 0.04140625 0.05390625
2 0.59140625 0.22265625 0.03828125 0.05078125
2 0.29140625 0.6625 0.046875 0.14140625
2 0.4421875 0.196875 0.0453125 0.0515625
2 0.82109375 0.16875 0.03203125 0.04453125
2 0.125 0.17890625 0.03203125 0.05390625
2 0.4859375 0.209375 0.03984375 0.0453125
2 0.571875 0.20859375 0.034375 0.04296875
2 0.221875 0.16328125 0.02734375 0.03984375
2 0.3546875 0.51171875 0.04609375 0.11953125
2 0.390625 0.5515625 0.05078125 0.134375
2 0.01015625 0.1734375 0.0203125 0.05
2 0.209375 0.19609375 0.0546875 0.04921875