1 0.4828125 0.63046875 0.11953125 0.24921875
1 0.48828125 0.38125 0.06484375 0.11328125
1 0.2015625 0.1953125 0.059375 0.078125
1 0.54921875 0.1734375 0.0375 0.06171875
3 0.64609375 0.09375 0.07578125 0.05
3 0.91640625 0.42421875 0.03046875 0.13203125
3 0.54296875 0.11484375 0.03515625 0.0515625
3 0.72578125 0.1015625 0.0375 0.05703125
3 0.9203125 0.3171875 0.0265625 0.0453125
3 0.8296875 0.13125 0.00859375 0.02421875
3 0.51171875 0.10703125 0.02421875 0.04453125
3 0.48671875 0.1078125 0.0765625 0.04921875
2 0.06328125 0.521875 0.06953125 0.096875
2 0.5171875 0.1546875 0.01015625 0.0296875
2 0.8046875 0.1859375 0.02265625 0.04296875
2 0.39765625 0.1828125 0.01953125 0.03984375
2 0.23671875 0.16328125 0.01328125 0.03515625
2 0.4734375 0.14296875 0.01171875 0.02421875
2 0.38515625 0.315625 0.01875 0.0609375
2 0.32890625 0.15703125 0.01328125 0.03671875
4 0.1015625 0.21328125 0.146875 0.2
4 0.73671875 0.61640625 0.30703125 0.67890625