1 0.253125 0.1890625 0.05078125 0.046875
1 0.47578125 0.52109375 0.0875 0.15
1 0.06484375 0.309375 0.10703125 0.11953125
1 0.53125 0.2015625 0.03203125 0.05390625
1 0.57421875 0.21953125 0.0484375 0.075
3 0.64765625 0.1125 0.075 0.053125
3 0.9171875 0.44375 0.03203125 0.1296875
3 0.7265625 0.1203125 0.0375 0.059375
3 0.57734375 0.0171875 0.00859375 0.015625
3 0.5859375 0.0171875 0.02578125 0.015625
0 0.7015625 0.46171875 0.13046875 0.29921875
2 0.50390625 0.27578125 0.01484375 0.040625
2 0.59921875 0.33515625 0.02109375 0.06640625
2 0.76015625 0.7875 0.05390625 0.15078125
2 0.3 0.18125 0.0125 0.0359375
2 0.80546875 0.20546875 0.02265625 0.04375
2 0.4890625 0.20078125 0.01015625 0.028125
2 0.709375 0.171875 0.01796875 0.02578125
2 0.78671875 0.18125 0.02578125 0.03046875
2 0.4390625 0.375 0.0203125 0.07421875
2 0.4140625 0.209375 0.01484375 0.03359375
2 0.58671875 0.14453125 0.009375 0.025
2 0.23359375 0.171875 0.01484375 0.03671875