1 0.084375 0.13515625 0.08515625 0.05703125
1 0.4765625 0.76875 0.13984375 0.30546875
1 0.0234375 0.14140625 0.046875 0.05546875
3 0.53984375 0.071875 0.03515625 0.0546875
3 0.91328125 0.38203125 0.03125 0.13125
3 0.91875 0.2734375 0.02734375 0.04609375
3 0.9078125 0.484375 0.02578125 0.040625
0 0.7421875 0.65234375 0.34921875 0.69140625
2 0.3421875 0.75859375 0.0546875 0.2
2 0.44296875 0.11875 0.01640625 0.04140625
2 0.1203125 0.59921875 0.05390625 0.153125
2 0.2546875 0.7515625 0.05859375 0.1609375
2 0.20234375 0.696875 0.0546875 0.15390625
2 0.7390625 0.20390625 0.04921875 0.05390625
2 0.43984375 0.2546875 0.04453125 0.05546875
2 0.15 0.215625 0.0359375 0.053125
2 0.08046875 0.9359375 0.07578125 0.12578125
2 0.2375 0.18125 0.040625 0.046875
2 0.6 0.16796875 0.0265625 0.04296875
2 0.6390625 0.253125 0.053125 0.059375
2 0.534375 0.240625 0.04765625 0.05390625
2 0.8109375 0.17890625 0.03671875 0.04375
2 0.05234375 0.19375 0.03671875 0.04375
2 0.78515625 0.1296875 0.02890625 0.03359375
2 0.38359375 0.19609375 0.04296875 0.053125
2 0.18046875 0.20703125 0.03984375 0.0546875
2 0.309375 0.5734375 0.04609375 0.14375
2 0.01484375 0.51875 0.028125 0.06875
2 0.0828125 0.18046875 0.03515625 0.0515625
2 0.12265625 0.17421875 0.03515625 0.05078125
2 0.39140625 0.5546875 0.0484375 0.13515625
2 0.0140625 0.1765625 0.028125 0.05859375
2 0.65546875 0.17734375 0.03125 0.04140625
2 0.5734375 0.19296875 0.03984375 0.04921875
2 0.71953125 0.1703125 0.02890625 0.04453125
2 0.39921875 0.11796875 0.01328125 0.03359375
2 0.35703125 0.21171875 0.04375 0.05078125
2 0.27734375 0.2078125 0.03359375 0.053125
2 0.43046875 0.20859375 0.040625 0.0453125
2 0.77265625 0.1703125 0.03828125 0.0484375
2 0.3 0.228125 0.04140625 0.05078125