1 0.4765625 0.75859375 0.13984375 0.30625
1 0.14921875 0.13125 0.0828125 0.06171875
1 0.090625 0.1390625 0.08359375 0.0609375
3 0.64453125 0.0390625 0.075 0.04921875
3 0.53984375 0.06171875 0.034375 0.053125
3 0.725 0.04765625 0.0359375 0.05625
3 0.91875 0.2640625 0.028125 0.046875
3 0.4828125 0.05390625 0.07578125 0.0484375
3 0.9140625 0.3734375 0.03125 0.13046875
0 0.74140625 0.64765625 0.35 0.70078125
2 0.16640625 0.81171875 0.071875 0.190625
2 0.26796875 0.58203125 0.04765625 0.11328125
2 0.33515625 0.56640625 0.04296875 0.11328125
2 0.3421875 0.7484375 0.05546875 0.19921875
2 0.02890625 0.89609375 0.0578125 0.2046875
2 0.24453125 0.45625 0.0546875 0.1015625
2 0.05625 0.17109375 0.03359375 0.053125
2 0.11328125 0.175 0.03515625 0.059375
2 0.18125 0.1875 0.046875 0.0546875
2 0.50703125 0.21328125 0.04609375 0.053125
2 0.76328125 0.23828125 0.0515625 0.059375
2 0.81953125 0.19609375 0.04453125 0.04921875
2 0.2796875 0.08359375 0.0203125 0.025
2 0.57421875 0.26953125 0.0484375 0.05625
2 0.4484375 0.2265625 0.04453125 0.0515625
2 0.475 0.1234375 0.01640625 0.04375
2 0.40859375 0.11640625 0.01484375 0.03828125
2 0.240625 0.203125 0.03828125 0.0546875
2 0.71484375 0.225 0.04921875 0.0515625
2 0.446875 0.4453125 0.05546875 0.1
2 0.8640625 0.240625 0.04140625 0.07578125
2 0.43828125 0.10859375 0.015625 0.0359375
2 0.3 0.221875 0.04609375 0.05546875
2 0.32578125 0.11953125 0.01171875 0.046875
2 0.6734375 0.20859375 0.0421875 0.05078125
2 0.56484375 0.20625 0.04140625 0.0515625
2 0.79765625 0.18203125 0.02734375 0.03671875
2 0.39140625 0.54609375 0.04921875 0.134375
2 0.4046875 0.065625 0.01171875 0.02578125
2 0.7859375 0.11875 0.02890625 0.03515625
2 0.30859375 0.12421875 0.01953125 0.040625
2 0.0171875 0.1296875 0.0296875 0.0515625
2 0.38125 0.1765625 0.03515625 0.04296875
2 0.45546875 0.1703125 0.03671875 0.04296875
2 0.76171875 0.16875 0.03984375 0.04453125
2 0.71015625 0.17421875 0.03671875 0.04296875
2 0.0140625 0.15234375 0.02734375 0.05625
2 0.28828125 0.16328125 0.0328125 0.03984375
2 0.9796875 0.1640625 0.03515625 0.0640625
2 0.45546875 0.11953125 0.01171875 0.03515625
2 0.4046875 0.20859375 0.0453125 0.05625
2 0.7328125 0.15703125 0.02734375 0.04140625