1 0.484375 0.58984375 0.11015625 0.22578125
1 0.48984375 0.36953125 0.0625 0.10859375
1 0.19453125 0.20625 0.0671875 0.0796875
1 0.60390625 0.12734375 0.01484375 0.0234375
1 0.55078125 0.17578125 0.03515625 0.06015625
3 0.7265625 0.10859375 0.03828125 0.05859375
3 0.646875 0.10078125 0.07578125 0.05
3 0.91640625 0.4328125 0.03046875 0.1265625
3 0.92109375 0.3234375 0.02734375 0.04609375
3 0.83046875 0.13828125 0.00859375 0.0234375
3 0.54375 0.121875 0.03359375 0.05078125
3 0.58515625 0.00625 0.0265625 0.0125
3 0.48671875 0.11484375 0.0765625 0.0484375
2 0.046875 0.5265625 0.0765625 0.09921875
2 0.31953125 0.16328125 0.02578125 0.03984375
2 0.78125 0.34921875 0.03515625 0.05390625
2 0.39765625 0.1890625 0.01796875 0.03984375
2 0.47109375 0.1515625 0.0109375 0.021875
2 0.52421875 0.15625 0.00859375 0.0234375
2 0.2234375 0.1765625 0.01484375 0.03203125
2 0.80546875 0.19453125 0.02421875 0.04296875
2 0.39609375 0.30546875 0.01796875 0.0546875
4 0.0953125 0.22421875 0.14921875 0.2015625
4 0.71484375 0.565625 0.25234375 0.60078125
4 0.92421875 0.321875 0.11015625 0.13671875