1 0.4796875 0.93828125 0.1875 0.12109375
1 0.32421875 0.18203125 0.09296875 0.0703125
1 0.50390625 0.18828125 0.08359375 0.06015625
1 0.72734375 0.1875 0.084375 0.075
1 0.5828125 0.14375 0.071875 0.04921875
1 0.5703125 0.10625 0.05859375 0.04296875
3 0.7265625 0.07421875 0.03828125 0.06015625
3 0.646875 0.065625 0.0765625 0.0515625
3 0.9171875 0.39921875 0.03203125 0.1296875
3 0.54296875 0.08984375 0.03515625 0.05390625
3 0.92109375 0.2890625 0.028125 0.046875
0 0.1734375 0.18828125 0.19921875 0.14140625
2 0.06875 0.1953125 0.0328125 0.05703125
2 0.8015625 0.40703125 0.03671875 0.0734375
2 0.6125 0.23828125 0.04609375 0.05703125
2 0.73828125 0.928125 0.065625 0.14296875
2 0.41796875 0.24140625 0.04375 0.05546875
2 0.84140625 0.259375 0.0546875 0.0640625
2 0.703125 0.20390625 0.03515625 0.0453125
2 0.7046875 0.27734375 0.05234375 0.0546875
2 0.36796875 0.22109375 0.03984375 0.04921875
2 0.553125 0.2296875 0.04453125 0.0515625
2 0.421875 0.18046875 0.03359375 0.04140625
2 0.4421875 0.1453125 0.01328125 0.03671875
2 0.4890625 0.23125 0.04296875 0.0546875
2 0.75546875 0.2640625 0.05078125 0.05546875
2 0.2703125 0.7546875 0.053125 0.1796875
2 0.48203125 0.14296875 0.01171875 0.03359375
2 0.80625 0.23203125 0.03828125 0.046875
2 0.0140625 0.18671875 0.02734375 0.04921875
2 0.1921875 0.74609375 0.06328125 0.16484375
2 0.39765625 0.15859375 0.0171875 0.034375
2 0.5109375 0.14375 0.01328125 0.03046875
2 0.65 0.178125 0.02421875 0.03203125
2 0.66171875 0.1078125 0.01171875 0.0234375
2 0.80625 0.159375 0.0234375 0.04140625
2 0.78125 0.209375 0.03203125 0.0390625
2 0.96875 0.27421875 0.05390625 0.04921875
2 0.221875 0.9359375 0.06796875 0.1265625
2 0.371875 0.1765625 0.03671875 0.05