1 0.23515625 0.1921875 0.05078125 0.05078125
1 0.48515625 0.42890625 0.07578125 0.121875
1 0.046875 0.32890625 0.09296875 0.12890625
1 0.5390625 0.1890625 0.03203125 0.05
1 0.58359375 0.196875 0.04375 0.06875
3 0.64609375 0.10859375 0.07734375 0.05703125
3 0.9203125 0.43203125 0.04453125 0.25625
3 0.9171875 0.4390625 0.03046875 0.13125
3 0.5859375 0.01328125 0.02578125 0.01640625
3 0.59140625 0.01328125 0.01328125 0.01328125
0 0.72578125 0.4109375 0.14765625 0.26328125
2 0.20625 0.1890625 0.01484375 0.03984375
2 0.503125 0.18359375 0.01015625 0.02578125
2 0.4546875 0.33515625 0.01484375 0.05703125
2 0.7296875 0.665625 0.0359375 0.125
2 0.40625 0.209375 0.01484375 0.03203125
2 0.2828125 0.1890625 0.01328125 0.03515625
2 0.7515625 0.17109375 0.02265625 0.03203125
2 0.3984375 0.125 0.00859375 0.021875
2 0.68359375 0.1609375 0.01640625 0.02890625
2 0.596875 0.1359375 0.00859375 0.021875
2 0.60546875 0.30078125 0.01953125 0.06171875
2 0.80546875 0.2015625 0.02265625 0.04375
2 0.52578125 0.24375 0.01328125 0.03125
2 0.5703125 0.284375 0.0203125 0.06328125