1 0.59296875 0.18359375 0.028125 0.0453125
1 0.50234375 0.82265625 0.12578125 0.28046875
1 0.4328125 0.14609375 0.02890625 0.03203125
1 0.0484375 0.43046875 0.08984375 0.1734375
1 0.63125 0.2015625 0.0328125 0.05390625
1 0.55390625 0.240625 0.03125 0.05859375
1 0.5078125 0.17421875 0.0109375 0.01953125
1 0.32421875 0.19140625 0.046875 0.06171875
3 0.65625 0.128125 0.07578125 0.05078125
3 0.7359375 0.1359375 0.03828125 0.0609375
3 0.59609375 0.0328125 0.025 0.015625
3 0.928125 0.4578125 0.03203125 0.13203125
3 0.5875 0.03359375 0.00703125 0.01484375
0 0.74453125 0.6890625 0.33359375 0.61875
2 0.38203125 0.46171875 0.02734375 0.0984375
2 0.42265625 0.33203125 0.01796875 0.059375
2 0.48125 0.22421875 0.01171875 0.02890625
2 0.45546875 0.3015625 0.03984375 0.04296875
2 0.17890625 0.44921875 0.021875 0.06953125
4 0.11328125 0.2515625 0.10859375 0.1703125
4 0.18046875 0.28046875 0.09140625 0.146875
4 0.23046875 0.2171875 0.07578125 0.11796875
4 0.49765625 0.425 0.078125 0.209375
4 0.3015625 0.16875 0.06484375 0.08828125
4 0.4046875 0.159375 0.02890625 0.06875
4 0.51953125 0.30625 0.07265625 0.1796875