1 0.19375 0.1828125 0.08203125 0.06015625
1 0.51484375 0.20546875 0.08203125 0.0609375
1 0.5015625 0.8984375 0.1734375 0.2015625
1 0.53984375 0.59375 0.1125 0.234375
1 0.6234375 0.17421875 0.07734375 0.06328125
1 0.53203125 0.13359375 0.03828125 0.040625
1 0.1 0.16953125 0.0703125 0.0515625
2 0.60859375 0.24375 0.05390625 0.05390625
2 0.4859375 0.25625 0.03984375 0.04453125
2 0.36484375 0.253125 0.04375 0.06171875
2 0.74375 0.2171875 0.03984375 0.0453125
2 0.1421875 0.2234375 0.03203125 0.04453125
2 0.790625 0.221875 0.0421875 0.0515625
2 0.6375 0.12421875 0.01796875 0.0296875
2 0.09296875 0.21796875 0.03828125 0.046875
2 0.28984375 0.23203125 0.0515625 0.0515625
2 0.334375 0.1484375 0.0359375 0.03203125
2 0.8296875 0.2359375 0.04375 0.04921875
2 0.28359375 0.13203125 0.0203125 0.02421875
2 0.59609375 0.5 0.03671875 0.11328125
2 0.7734375 0.2015625 0.03125 0.03984375
2 0.21796875 0.22734375 0.04140625 0.05078125
2 0.6375 0.2140625 0.0390625 0.04296875
2 0.25390625 0.11796875 0.02421875 0.03046875
2 0.55625 0.1734375 0.01953125 0.03515625
2 0.67890625 0.17578125 0.02421875 0.03515625
2 0.575 0.17890625 0.0234375 0.03125
2 0.18515625 0.21171875 0.02890625 0.0484375
2 0.52109375 0.15 0.02109375 0.03515625
2 0.41328125 0.23359375 0.0328125 0.0515625
2 0.7078125 0.20234375 0.03359375 0.04140625