1 0.4875 0.41171875 0.0734375 0.11640625
1 0.23046875 0.19375 0.05234375 0.0515625
1 0.04375 0.334375 0.0875 0.13359375
1 0.53984375 0.18671875 0.03125 0.04921875
1 0.5859375 0.19453125 0.04140625 0.06796875
3 0.646875 0.1078125 0.07578125 0.05625
3 0.9171875 0.43828125 0.03046875 0.13046875
3 0.91796875 0.43125 0.03828125 0.259375
3 0.5703125 0.01171875 0.0578125 0.0203125
3 0.54609375 0.0140625 0.00703125 0.01328125
0 0.7328125 0.4015625 0.15078125 0.25546875
2 0.20078125 0.18671875 0.01640625 0.046875
2 0.2796875 0.1890625 0.01328125 0.0359375
2 0.74453125 0.1703125 0.021875 0.03125
2 0.396875 0.12421875 0.009375 0.025
2 0.50625 0.1765625 0.01015625 0.0296875
2 0.678125 0.16015625 0.01640625 0.02578125
2 0.40390625 0.21015625 0.015625 0.03359375
2 0.5296875 0.23828125 0.01171875 0.02890625
2 0.57109375 0.28046875 0.01953125 0.059375
2 0.45859375 0.32421875 0.01640625 0.05859375
2 0.72734375 0.64453125 0.03359375 0.12109375
2 0.80546875 0.20078125 0.02265625 0.04296875
2 0.59921875 0.134375 0.00859375 0.0203125
2 0.60703125 0.29296875 0.01953125 0.0640625