1 0.25390625 0.1890625 0.04921875 0.046875
1 0.06640625 0.30859375 0.10625 0.11953125
1 0.47578125 0.5265625 0.08828125 0.15390625
1 0.53046875 0.203125 0.03203125 0.05390625
1 0.5734375 0.22109375 0.0484375 0.075
1 0.50859375 0.3609375 0.05625 0.125
3 0.646875 0.11328125 0.07578125 0.0515625
3 0.9171875 0.44375 0.03046875 0.128125
3 0.7265625 0.1203125 0.0375 0.059375
3 0.59140625 0.01640625 0.015625 0.01328125
3 0.54609375 0.01796875 0.00703125 0.01171875
3 0.5703125 0.015625 0.0578125 0.01875
3 0.57734375 0.0171875 0.00703125 0.0140625
0 0.7 0.4640625 0.13046875 0.3015625
2 0.30078125 0.18203125 0.0125 0.03359375
2 0.76171875 0.79609375 0.05703125 0.14921875
2 0.59921875 0.33828125 0.02109375 0.0703125
2 0.48828125 0.203125 0.0109375 0.028125
2 0.43671875 0.38203125 0.0171875 0.06875
2 0.503125 0.27578125 0.01484375 0.04453125
2 0.8046875 0.20546875 0.02265625 0.04375
2 0.71015625 0.17265625 0.01875 0.0265625
2 0.4140625 0.209375 0.01484375 0.03359375
2 0.56328125 0.31875 0.02265625 0.0703125
2 0.23515625 0.171875 0.01484375 0.034375
4 0.925 0.259375 0.14921875 0.20859375