1 0.5921875 0.18671875 0.02890625 0.0453125
1 0.4390625 0.14375 0.03046875 0.03203125
1 0.5015625 0.85625 0.1328125 0.28515625
1 0.053125 0.41953125 0.1015625 0.16875
1 0.5515625 0.24296875 0.03359375 0.06015625
1 0.50234375 0.17421875 0.01640625 0.01953125
1 0.61328125 0.3390625 0.06484375 0.11640625
1 0.328125 0.1890625 0.03984375 0.059375
1 0.98984375 0.2203125 0.01953125 0.04296875
3 0.7359375 0.1359375 0.03828125 0.06015625
3 0.928125 0.45703125 0.03125 0.13125
3 0.65546875 0.128125 0.07578125 0.05
3 0.93203125 0.34921875 0.028125 0.04609375
3 0.83984375 0.16328125 0.009375 0.0203125
3 0.59609375 0.03203125 0.02421875 0.0140625
3 0.5875 0.0328125 0.00703125 0.0140625
0 0.7640625 0.6953125 0.37109375 0.60546875
2 0.37265625 0.49375 0.03046875 0.1046875
2 0.4171875 0.34296875 0.01796875 0.059375
2 0.46953125 0.30078125 0.03125 0.04453125
2 0.4765625 0.22890625 0.0125 0.03046875
2 0.178125 0.45078125 0.02265625 0.06796875
4 0.12734375 0.246875 0.10546875 0.16015625
4 0.24140625 0.2125 0.07265625 0.1140625
4 0.1875 0.27421875 0.08984375 0.14375