1 0.175 0.19296875 0.07734375 0.05859375
1 0.73203125 0.265625 0.11953125 0.08515625
1 0.5296875 0.2140625 0.10078125 0.0796875
1 0.50078125 0.86171875 0.14609375 0.275
1 0.278125 0.21328125 0.09140625 0.0703125
1 0.246875 0.1703125 0.09609375 0.0609375
1 0.784375 0.2453125 0.10625 0.071875
1 0.728125 0.834375 0.16953125 0.26171875
1 0.10625 0.82734375 0.20390625 0.34140625
1 0.61953125 0.18203125 0.02578125 0.05625
1 0.459375 0.23515625 0.09375 0.078125
1 0.02890625 0.23046875 0.0578125 0.0765625
1 0.69375 0.7125 0.15390625 0.2140625
0 0.071875 0.16953125 0.14375 0.125
0 0.72109375 0.17109375 0.18203125 0.1203125
2 0.646875 0.28828125 0.04921875 0.05390625
2 0.57265625 0.54296875 0.03359375 0.11640625
2 0.68046875 0.5546875 0.04765625 0.1109375
2 0.3359375 0.253125 0.04140625 0.05625
2 0.33203125 0.490625 0.03828125 0.10859375
2 0.49296875 0.26171875 0.04296875 0.0546875
2 0.49296875 0.15546875 0.01796875 0.03515625
2 0.43984375 0.25078125 0.04609375 0.0453125
2 0.31796875 0.746875 0.05625 0.18125
2 0.33828125 0.8671875 0.0578125 0.17890625
2 0.2421875 0.91171875 0.06484375 0.171875
2 0.26484375 0.55546875 0.05859375 0.09296875
2 0.50078125 0.534375 0.04140625 0.11640625
2 0.26484375 0.23203125 0.03515625 0.03828125
2 0.86953125 0.2203125 0.040625 0.0390625
2 0.61484375 0.1203125 0.01796875 0.03125
2 0.38515625 0.75625 0.05546875 0.19375
2 0.58828125 0.20859375 0.03359375 0.04609375
2 0.67890625 0.23359375 0.034375 0.0390625
2 0.65078125 0.2234375 0.028125 0.03828125