1 0.484375 0.59375 0.11171875 0.22890625
1 0.48984375 0.37109375 0.0625 0.109375
1 0.19453125 0.2046875 0.065625 0.0796875
1 0.60390625 0.12734375 0.01484375 0.0234375
1 0.55078125 0.17578125 0.0359375 0.059375
3 0.646875 0.1 0.07421875 0.05
3 0.7265625 0.10859375 0.03828125 0.059375
3 0.91640625 0.43125 0.03046875 0.128125
3 0.92109375 0.32265625 0.02734375 0.046875
3 0.8296875 0.13671875 0.00859375 0.02421875
3 0.54375 0.121875 0.03359375 0.05078125
3 0.48671875 0.11484375 0.0765625 0.0484375
3 0.5859375 0.00546875 0.02421875 0.0109375
2 0.0484375 0.52578125 0.07734375 0.0984375
2 0.32109375 0.16171875 0.02578125 0.04140625
2 0.39453125 0.30703125 0.01796875 0.053125
2 0.778125 0.34921875 0.03359375 0.04921875
2 0.39765625 0.18828125 0.01796875 0.03984375
2 0.52265625 0.153125 0.009375 0.02890625
2 0.225 0.1734375 0.01484375 0.03359375
4 0.096875 0.2234375 0.14921875 0.2015625
4 0.7171875 0.571875 0.2578125 0.61015625