1 0.078125 0.1359375 0.0859375 0.05703125
1 0.4765625 0.76953125 0.13984375 0.30546875
1 0.01953125 0.14296875 0.0390625 0.05546875
3 0.91328125 0.38359375 0.03125 0.13125
3 0.64453125 0.05078125 0.07421875 0.04921875
3 0.53984375 0.07265625 0.03515625 0.0546875
3 0.91875 0.27421875 0.02734375 0.04609375
3 0.72421875 0.05859375 0.0359375 0.05546875
0 0.74140625 0.653125 0.35 0.690625
2 0.2453125 0.7734375 0.06171875 0.16171875
2 0.3421875 0.75859375 0.05546875 0.19921875
2 0.11015625 0.61796875 0.05546875 0.159375
2 0.71640625 0.203125 0.046875 0.05078125
2 0.13828125 0.2140625 0.03515625 0.05390625
2 0.61875 0.253125 0.05390625 0.059375
2 0.59140625 0.16640625 0.025 0.040625
2 0.22578125 0.18203125 0.040625 0.0453125
2 0.428125 0.25390625 0.0453125 0.05390625
2 0.3984375 0.11796875 0.01328125 0.03359375
2 0.515625 0.240625 0.04609375 0.05390625
2 0.4421875 0.1203125 0.01640625 0.0390625
2 0.28671875 0.22578125 0.040625 0.05546875
2 0.04140625 0.19375 0.03671875 0.0453125
2 0.796875 0.17734375 0.0375 0.0453125
2 0.3734375 0.196875 0.04140625 0.05
2 0.075 0.18046875 0.034375 0.05
2 0.76171875 0.1703125 0.03671875 0.04609375
2 0.01953125 0.50625 0.03828125 0.09609375
2 0.42734375 0.1046875 0.01171875 0.03359375
2 0.7859375 0.13046875 0.0296875 0.03203125
2 0.64453125 0.1765625 0.02890625 0.040625
2 0.17890625 0.20859375 0.0328125 0.04921875
2 0.39140625 0.55546875 0.04921875 0.134375
2 0.309375 0.14375 0.02109375 0.03125
2 0.34453125 0.21171875 0.04453125 0.04921875
2 0.2640625 0.2078125 0.03046875 0.05078125
2 0.30234375 0.603125 0.046875 0.12109375
2 0.41953125 0.209375 0.03984375 0.04453125
2 0.62421875 0.1859375 0.034375 0.040625
2 0.5640625 0.19453125 0.03984375 0.0484375
2 0.19609375 0.70625 0.05703125 0.16796875