1 0.23359375 0.19296875 0.0515625 0.0515625
1 0.4859375 0.42421875 0.07578125 0.12109375
1 0.04609375 0.33046875 0.09140625 0.13125
1 0.5390625 0.18828125 0.03203125 0.04921875
1 0.51875 0.309375 0.05234375 0.10546875
1 0.584375 0.19609375 0.04296875 0.06875
3 0.64609375 0.10859375 0.07734375 0.05703125
3 0.9171875 0.4390625 0.03046875 0.1296875
3 0.91953125 0.43203125 0.0421875 0.25625
3 0.59140625 0.0125 0.01328125 0.0140625
3 0.5859375 0.01328125 0.02578125 0.01640625
0 0.728125 0.40859375 0.1484375 0.26015625
2 0.75 0.1703125 0.02265625 0.03359375
2 0.28203125 0.1890625 0.01328125 0.03515625
2 0.50390625 0.18203125 0.0109375 0.0265625
2 0.2046875 0.18984375 0.01484375 0.0390625
2 0.6046875 0.3015625 0.01796875 0.05625
2 0.40546875 0.21015625 0.015625 0.03359375
2 0.72890625 0.659375 0.0359375 0.125
2 0.45625 0.33203125 0.01640625 0.059375
2 0.39765625 0.1234375 0.0109375 0.025
2 0.596875 0.1359375 0.00859375 0.02109375
2 0.68203125 0.16015625 0.015625 0.028125
2 0.56953125 0.29296875 0.015625 0.04609375
2 0.80546875 0.2015625 0.02265625 0.04296875
2 0.5265625 0.240625 0.0140625 0.03125