1 0.5546875 0.21796875 0.0484375 0.075
1 0.4875 0.90703125 0.175 0.18359375
1 0.04765625 0.315625 0.09453125 0.103125
1 0.3609375 0.10625 0.02421875 0.040625
1 0.6 0.17265625 0.034375 0.0546875
1 0.503125 0.47109375 0.0828125 0.15390625
0 0.7375 0.5484375 0.21015625 0.57578125
2 0.48359375 0.271875 0.01796875 0.0515625
2 0.5171875 0.59921875 0.04609375 0.13125
2 0.209375 0.1390625 0.0203125 0.03359375
2 0.39140625 0.25078125 0.01796875 0.03671875
2 0.18046875 0.13828125 0.02109375 0.025
2 0.178125 0.38984375 0.04765625 0.07421875
2 0.465625 0.23125 0.01484375 0.03984375
2 0.27265625 0.140625 0.02265625 0.03125
2 0.12734375 0.5 0.04765625 0.1015625
2 0.24921875 0.12890625 0.02109375 0.0296875
2 0.44609375 0.38046875 0.01875 0.0546875
2 0.4078125 0.33203125 0.01640625 0.04375
2 0.33046875 0.1484375 0.02421875 0.025
2 0.3515625 0.33671875 0.02421875 0.0734375
2 0.47421875 0.13203125 0.01015625 0.025
2 0.04375 0.503125 0.07890625 0.0890625
2 0.396875 0.38515625 0.02265625 0.06875
2 0.97421875 0.39140625 0.05 0.0859375
2 0.796875 0.19140625 0.028125 0.03515625
2 0.5078125 0.196875 0.01328125 0.02890625
2 0.5234375 0.17734375 0.009375 0.0234375
2 0.09140625 0.45546875 0.03515625 0.09609375