1 0.203125 0.19375 0.06953125 0.05859375
1 0.790625 0.26875 0.12265625 0.08671875
1 0.565625 0.2140625 0.10078125 0.07890625
1 0.83828125 0.2453125 0.11015625 0.07578125
1 0.50078125 0.859375 0.14609375 0.27890625
1 0.303125 0.2140625 0.09296875 0.075
1 0.0359375 0.23984375 0.06484375 0.078125
1 0.496875 0.23125 0.0890625 0.0703125
1 0.6359375 0.18125 0.03984375 0.06015625
1 0.10625 0.8265625 0.20390625 0.34375
1 0.271875 0.17109375 0.09609375 0.06171875
1 0.728125 0.83203125 0.16875 0.2609375
1 0.56875 0.1578125 0.05703125 0.05859375
0 0.08671875 0.1703125 0.1734375 0.125
0 0.746875 0.171875 0.18671875 0.125
2 0.26640625 0.5484375 0.05703125 0.0984375
2 0.4046875 0.253125 0.0453125 0.0640625
2 0.7421875 0.28984375 0.05390625 0.06484375
2 0.66875 0.546875 0.04609375 0.11640625
2 0.55625 0.26640625 0.04453125 0.05390625
2 0.4953125 0.25546875 0.04140625 0.04921875
2 0.33203125 0.49140625 0.03671875 0.10390625
2 0.31875 0.75546875 0.0578125 0.16484375
2 0.5734375 0.540625 0.03359375 0.11484375
2 0.24296875 0.9125 0.065625 0.1734375
2 0.5015625 0.5296875 0.0421875 0.121875
2 0.5125 0.15625 0.01953125 0.03671875
2 0.3375 0.86953125 0.0609375 0.184375
2 0.67109375 0.2203125 0.03671875 0.03671875
2 0.315625 0.2328125 0.03671875 0.04375