1 0.23125 0.19375 0.0515625 0.0515625
1 0.4875 0.41640625 0.07421875 0.11796875
1 0.04453125 0.33359375 0.08828125 0.13203125
1 0.53984375 0.18671875 0.03203125 0.0484375
1 0.5859375 0.19453125 0.0421875 0.06796875
3 0.646875 0.1078125 0.0765625 0.05625
3 0.91875 0.43203125 0.03984375 0.25625
3 0.9171875 0.43828125 0.0296875 0.13046875
0 0.73125 0.40390625 0.15078125 0.25625
2 0.28046875 0.18828125 0.01328125 0.0359375
2 0.2015625 0.1890625 0.01640625 0.04140625
2 0.74609375 0.1703125 0.02265625 0.03125
2 0.73046875 0.6484375 0.03984375 0.12421875
2 0.4046875 0.2109375 0.01484375 0.03203125
2 0.52890625 0.240625 0.01328125 0.02890625
2 0.6796875 0.1609375 0.015625 0.0265625
2 0.39765625 0.12421875 0.009375 0.025
2 0.45859375 0.328125 0.01640625 0.05703125
2 0.60625 0.29765625 0.01875 0.05625
2 0.5703125 0.28125 0.01796875 0.06171875
2 0.50546875 0.18046875 0.01015625 0.025
2 0.80546875 0.20078125 0.0234375 0.04296875
2 0.59765625 0.134375 0.00859375 0.02109375