1 0.55546875 0.21640625 0.04765625 0.07421875
1 0.36015625 0.10625 0.02578125 0.040625
1 0.48046875 0.90546875 0.18671875 0.18828125
1 0.6 0.171875 0.034375 0.0546875
1 0.04609375 0.315625 0.0921875 0.10625
1 0.503125 0.46875 0.08203125 0.1515625
0 0.73671875 0.54375 0.20546875 0.57109375
2 0.484375 0.271875 0.0171875 0.04921875
2 0.51875 0.59609375 0.0453125 0.1296875
2 0.20703125 0.140625 0.0203125 0.02890625
2 0.32890625 0.1484375 0.02421875 0.02578125
2 0.17734375 0.13828125 0.02109375 0.025
2 0.4484375 0.3734375 0.01875 0.05625
2 0.46640625 0.23046875 0.01484375 0.03984375
2 0.2703125 0.14296875 0.02109375 0.02578125
2 0.178125 0.39296875 0.04765625 0.06875
2 0.128125 0.5 0.04765625 0.1
2 0.39140625 0.246875 0.01796875 0.0390625
2 0.04453125 0.50234375 0.08046875 0.0859375
2 0.6984375 0.1671875 0.01328125 0.0453125
2 0.47421875 0.13203125 0.0109375 0.025
2 0.39921875 0.3828125 0.02265625 0.06171875
2 0.246875 0.128125 0.02109375 0.02890625
2 0.796875 0.19140625 0.028125 0.03515625
2 0.353125 0.3328125 0.02421875 0.075
2 0.415625 0.265625 0.01640625 0.03203125
2 0.09140625 0.45546875 0.03515625 0.096875