1 0.484375 0.43828125 0.07734375 0.12578125
1 0.23671875 0.19140625 0.0515625 0.05
1 0.04765625 0.3265625 0.0953125 0.128125
1 0.53828125 0.190625 0.03359375 0.04921875
1 0.5828125 0.19921875 0.04375 0.06953125
3 0.9171875 0.4390625 0.0296875 0.12890625
3 0.58671875 0.0125 0.02578125 0.015625
3 0.59140625 0.01328125 0.01484375 0.01328125
3 0.91796875 0.43203125 0.03828125 0.25703125
0 0.72265625 0.415625 0.14609375 0.26640625
2 0.209375 0.1875 0.015625 0.03984375
2 0.75546875 0.1734375 0.02265625 0.0296875
2 0.5015625 0.184375 0.01015625 0.028125
2 0.284375 0.18828125 0.0125 0.03515625
2 0.453125 0.33828125 0.01484375 0.05859375
2 0.52265625 0.24609375 0.01328125 0.03203125
2 0.40703125 0.209375 0.01484375 0.03359375
2 0.60546875 0.303125 0.01953125 0.0640625
2 0.56953125 0.28671875 0.021875 0.06328125
2 0.6859375 0.16015625 0.01640625 0.0296875
2 0.8046875 0.2015625 0.02265625 0.04296875
2 0.73203125 0.67890625 0.0359375 0.1234375