1 0.50234375 0.7984375 0.12265625 0.26484375
1 0.43125 0.146875 0.0328125 0.03203125
1 0.04375 0.4359375 0.08671875 0.17578125
1 0.59375 0.18359375 0.028125 0.04453125
1 0.6296875 0.20078125 0.03359375 0.05390625
1 0.61171875 0.3234375 0.06171875 0.11171875
1 0.55390625 0.2375 0.03125 0.05859375
1 0.3203125 0.19375 0.04765625 0.06328125
3 0.65703125 0.128125 0.075 0.05078125
3 0.7359375 0.1359375 0.03828125 0.0609375
3 0.928125 0.45859375 0.03203125 0.13125
3 0.9328125 0.35 0.028125 0.0484375
3 0.5875 0.03359375 0.00703125 0.01484375
3 0.59609375 0.03203125 0.025 0.01484375
0 0.7328125 0.68359375 0.31484375 0.62890625
2 0.38671875 0.4453125 0.02578125 0.09453125
2 0.45 0.303125 0.03046875 0.03984375
2 0.4265625 0.328125 0.01796875 0.05546875
2 0.17890625 0.44609375 0.02265625 0.07578125
4 0.10546875 0.2578125 0.11015625 0.16953125
4 0.17578125 0.28203125 0.09296875 0.15
4 0.22734375 0.2203125 0.07421875 0.11875
4 0.403125 0.15703125 0.02421875 0.07421875
4 0.29609375 0.16953125 0.0671875 0.08828125