1 0.20859375 0.18125 0.08671875 0.059375
1 0.53984375 0.59453125 0.1125 0.23515625
1 0.5015625 0.8984375 0.1734375 0.2015625
1 0.77734375 0.815625 0.22265625 0.36640625
1 0.53828125 0.20703125 0.08359375 0.06328125
1 0.5328125 0.1359375 0.03671875 0.046875
1 0.634375 0.17578125 0.07734375 0.0609375
1 0.459375 0.11796875 0.02734375 0.046875
2 0.690625 0.18046875 0.02421875 0.040625
2 0.51640625 0.25390625 0.0421875 0.05625
2 0.7234375 0.2015625 0.0453125 0.04453125
2 0.775 0.21875 0.04140625 0.0515625
2 0.6328125 0.12109375 0.01796875 0.0296875
2 0.103125 0.2203125 0.03359375 0.04609375
2 0.39609375 0.2515625 0.04375 0.06796875
2 0.1578125 0.2265625 0.03359375 0.04453125
2 0.39296875 0.59921875 0.034375 0.08046875
2 0.2734375 0.13046875 0.0203125 0.025
2 0.4375 0.234375 0.0328125 0.053125
2 0.5953125 0.50078125 0.03671875 0.11484375
2 0.23515625 0.121875 0.02421875 0.028125
2 0.79921875 0.20078125 0.03359375 0.04140625
2 0.29296875 0.23828125 0.034375 0.053125
2 0.834375 0.22421875 0.04609375 0.05390625
2 0.0765625 0.20859375 0.03046875 0.0453125
2 0.3203125 0.2359375 0.03984375 0.0515625
2 0.64921875 0.2484375 0.04296875 0.04921875
2 0.87265625 0.2390625 0.0421875 0.05078125