1 0.19140625 0.35703125 0.1140625 0.10390625
1 0.159375 0.17890625 0.06640625 0.0484375
1 0.7828125 0.2265625 0.0890625 0.0546875
1 0.4265625 0.196875 0.0625 0.04609375
1 0.48515625 0.9703125 0.15234375 0.05703125
1 0.61015625 0.19296875 0.09765625 0.05390625
3 0.9265625 0.4578125 0.0296875 0.13203125
3 0.56171875 0.03203125 0.021875 0.01484375
3 0.59453125 0.03359375 0.02421875 0.01328125
2 0.4640625 0.55625 0.04765625 0.09921875
2 0.38359375 0.565625 0.03515625 0.10078125
2 0.4984375 0.18828125 0.02421875 0.0390625
2 0.409375 0.465625 0.028125 0.08046875
2 0.6765625 0.4109375 0.05859375 0.06328125
2 0.79765625 0.24921875 0.0203125 0.03984375
2 0.5890625 0.821875 0.04765625 0.1515625
2 0.22421875 0.175 0.02265625 0.0390625
2 0.271875 0.19609375 0.02578125 0.03359375
2 0.8734375 0.38671875 0.03359375 0.06953125
2 0.52578125 0.55859375 0.03828125 0.0953125
2 0.08125 0.88671875 0.07265625 0.1515625
2 0.7046875 0.85078125 0.0671875 0.19453125
2 0.659375 0.93125 0.0765625 0.13515625
2 0.528125 0.82109375 0.065625 0.190625
2 0.67265625 0.20703125 0.03125 0.0484375
2 0.2046875 0.88515625 0.06328125 0.1515625
2 0.1953125 0.79296875 0.0703125 0.14609375
2 0.2953125 0.1796875 0.01953125 0.03359375
2 0.278125 0.8125 0.05390625 0.18046875
2 0.5875 0.15859375 0.01171875 0.0265625
2 0.72265625 0.74140625 0.05234375 0.13046875