1 0.03203125 0.14140625 0.0640625 0.06015625
1 0.47734375 0.76640625 0.13984375 0.30546875
1 0.1 0.13203125 0.08828125 0.05390625
3 0.9140625 0.38046875 0.03203125 0.13125
3 0.53984375 0.06953125 0.03515625 0.0546875
3 0.64375 0.04609375 0.07578125 0.0515625
3 0.72421875 0.05546875 0.03671875 0.05546875
0 0.7421875 0.6515625 0.35 0.69375
2 0.14453125 0.5625 0.05234375 0.13984375
2 0.34140625 0.75546875 0.05390625 0.2
2 0.2171875 0.66328125 0.05390625 0.15546875
2 0.79765625 0.20546875 0.04921875 0.0546875
2 0.38671875 0.2125 0.04453125 0.05078125
2 0.10390625 0.9109375 0.075 0.1765625
2 0.57890625 0.240625 0.04765625 0.0546875
2 0.46640625 0.25703125 0.04609375 0.05390625
2 0.26640625 0.1796875 0.040625 0.04609375
2 0.68515625 0.24765625 0.0546875 0.06796875
2 0.18046875 0.21015625 0.03828125 0.06640625
2 0.27421875 0.70546875 0.0515625 0.153125
2 0.61953125 0.16953125 0.02890625 0.04140625
2 0.74921875 0.1734375 0.03515625 0.046875
2 0.3296875 0.54296875 0.04765625 0.1296875
2 0.84453125 0.171875 0.03828125 0.059375
2 0.078125 0.18359375 0.03671875 0.0640625
2 0.44609375 0.11875 0.01796875 0.04375
2 0.03515625 0.178125 0.03515625 0.05625
2 0.13828125 0.171875 0.03515625 0.05546875
2 0.10234375 0.17890625 0.03515625 0.053125
2 0.4 0.11796875 0.0140625 0.03359375
2 0.18984375 0.20078125 0.04375 0.06484375
2 0.65 0.153125 0.021875 0.040625
2 0.6765625 0.18359375 0.04609375 0.04609375
2 0.5484375 0.2234375 0.03515625 0.046875
2 0.59609375 0.1953125 0.040625 0.04296875
2 0.39140625 0.55234375 0.04921875 0.134375
2 0.784375 0.128125 0.0265625 0.03359375
2 0.2 0.16328125 0.02109375 0.0390625
2 0.33046875 0.22421875 0.04140625 0.05703125
2 0.4578125 0.20859375 0.03984375 0.0453125
2 0.434375 0.103125 0.0234375 0.03984375
2 0.3046875 0.20859375 0.0375 0.05546875
2 0.52578125 0.20859375 0.025 0.04140625
2 0.3359375 0.15859375 0.03515625 0.05390625
2 0.41484375 0.1984375 0.0375 0.05