1 0.48984375 0.84375 0.14609375 0.31015625
1 0.5640625 0.1890625 0.04296875 0.06484375
1 0.51015625 0.371875 0.06796875 0.11953125
1 0.6015625 0.153125 0.0296875 0.0484375
1 0.321875 0.11171875 0.06640625 0.0453125
0 0.709375 0.42890625 0.1484375 0.4390625
2 0.58046875 0.48359375 0.03203125 0.109375
2 0.7640625 0.846875 0.06640625 0.15703125
2 0.41015625 0.2625 0.01796875 0.03984375
2 0.4890625 0.27265625 0.01328125 0.03984375
2 0.33203125 0.1484375 0.02578125 0.028125
2 0.3125 0.9328125 0.06171875 0.13046875
2 0.12109375 0.459375 0.04921875 0.16640625
2 0.221875 0.20234375 0.03515625 0.04375
2 0.14453125 0.12421875 0.01953125 0.0265625
2 0.45390625 0.27734375 0.02109375 0.053125
2 0.3734375 0.21015625 0.0125 0.03125
2 0.11171875 0.134375 0.01953125 0.028125
2 0.01484375 0.18046875 0.02890625 0.0453125
2 0.1875 0.1359375 0.03203125 0.0234375
2 0.47421875 0.1296875 0.0109375 0.028125
2 0.17578125 0.38828125 0.05 0.0765625
2 0.24375 0.13984375 0.02265625 0.028125
2 0.496875 0.19296875 0.01328125 0.03359375
2 0.5078125 0.215625 0.01328125 0.03359375
2 0.06640625 0.12890625 0.01953125 0.02578125
2 0.04453125 0.48203125 0.08046875 0.128125
2 0.796875 0.18984375 0.02734375 0.03671875
4 0.11640625 0.26953125 0.08984375 0.1453125