1 0.4765625 0.76953125 0.13984375 0.30546875
1 0.03046875 0.13203125 0.06015625 0.0546875
3 0.64375 0.05 0.07578125 0.05
3 0.53984375 0.071875 0.03515625 0.05546875
3 0.48203125 0.065625 0.07578125 0.04921875
3 0.72421875 0.0578125 0.03671875 0.0546875
3 0.91328125 0.3828125 0.03203125 0.13203125
0 0.74140625 0.65234375 0.35 0.69140625
2 0.3421875 0.75859375 0.05546875 0.2
2 0.6203125 0.15390625 0.021875 0.04375
2 0.43671875 0.2453125 0.05390625 0.05546875
2 0.51328125 0.18828125 0.04296875 0.05078125
2 0.234375 0.20078125 0.03984375 0.04609375
2 0.67265625 0.1625 0.03515625 0.05078125
2 0.08515625 0.54140625 0.059375 0.109375
2 0.55 0.1578125 0.02109375 0.03984375
2 0.16484375 0.21953125 0.03984375 0.0484375
2 0.78828125 0.19140625 0.04609375 0.0453125
2 0.2546875 0.765625 0.04921875 0.175
2 0.528125 0.146875 0.01640625 0.03671875
2 0.56875 0.14921875 0.01953125 0.0390625
2 0.434375 0.10859375 0.01171875 0.03828125
2 0.3953125 0.10859375 0.01171875 0.03125
2 0.35 0.22578125 0.03671875 0.053125
2 0.32265625 0.23984375 0.0421875 0.05
2 0.45859375 0.215625 0.02890625 0.04609375
2 0.071875 0.16015625 0.0203125 0.04453125
2 0.0328125 0.2 0.03203125 0.0484375
2 0.11796875 0.18046875 0.0375 0.04453125
2 0.46171875 0.18203125 0.040625 0.06875
2 0.784375 0.12890625 0.02890625 0.03515625
2 0.134375 0.2015625 0.0296875 0.0453125
2 0.009375 0.815625 0.01875 0.134375
2 0.26796875 0.1765625 0.0390625 0.05546875
2 0.265625 0.14453125 0.02578125 0.03515625
2 0.390625 0.5546875 0.04921875 0.13515625
2 0.059375 0.190625 0.03203125 0.04453125
2 0.18359375 0.2015625 0.03046875 0.04453125
2 0.11484375 0.86484375 0.07421875 0.20703125
2 0.25703125 0.190625 0.02890625 0.040625
2 0.325 0.1296875 0.0109375 0.0296875
2 0.95625 0.25703125 0.05703125 0.0453125
2 0.36171875 0.19296875 0.0390625 0.0484375
2 0.00859375 0.16875 0.0171875 0.05859375