1 0.0203125 0.13046875 0.040625 0.05
3 0.9125 0.38359375 0.03203125 0.13125
3 0.5390625 0.071875 0.03515625 0.0546875
3 0.64296875 0.05 0.07578125 0.05
3 0.7234375 0.05859375 0.0359375 0.05625
3 0.45703125 0.0671875 0.02421875 0.04375
0 0.74140625 0.65234375 0.35078125 0.69140625
2 0.33828125 0.74375 0.06015625 0.2296875
2 0.603125 0.14921875 0.02109375 0.04296875
2 0.1375 0.21796875 0.0390625 0.046875
2 0.73828125 0.18515625 0.04140625 0.04453125
2 0.65234375 0.16171875 0.028125 0.046875
2 0.49375 0.159375 0.02421875 0.03828125
2 0.5515625 0.14375 0.0265625 0.04296875
2 0.4703125 0.190625 0.04921875 0.0484375
2 0.4328125 0.10546875 0.01171875 0.03828125
2 0.39453125 0.10703125 0.0125 0.0296875
2 0.515625 0.14375 0.01640625 0.0359375
2 0.25234375 0.14296875 0.0265625 0.03515625
2 0.096875 0.1796875 0.03671875 0.04453125
2 0.053125 0.15859375 0.02578125 0.04609375
2 0.78359375 0.12890625 0.02890625 0.03515625
2 0.53359375 0.15390625 0.01875 0.03671875
2 0.1609375 0.196875 0.03671875 0.05
2 0.21171875 0.19765625 0.03984375 0.046875
2 0.33671875 0.1921875 0.03515625 0.0453125
2 0.03671875 0.18828125 0.03359375 0.046875
2 0.0895833328125 0.9990740734375001 0.09427083281250001 0.984259259375 0.10052083281249999 0.9796296296874999 0.10625 0.9666666671874999 0.1041666671875 0.9546296296874999 0.10729166718750001 0.9351851859375 0.1270833328125 0.9444444437499999 0.1265625 0.9351851859375 0.12395833281249999 0.9324074078125 0.125 0.8898148140625001 0.1265625 0.8898148140625001 0.1276041671875 0.875 0.12552083281249998 0.852777778125 0.1265625 0.8361111109375001 0.12291666718750001 0.828703703125 0.09375 0.803703703125 0.0916666671875 0.7731481484375 0.08333333281250001 0.7638888890625 0.0760416671875 0.7666666671875 0.071875 0.775 0.071875 0.8 0.0614583328125 0.8018518515625 0.05625 0.8074074078125 0.0515625 0.8361111109375001 0.052604167187499995 0.85 0.0489583328125 0.875 0.0489583328125 0.8898148140625001 0.058854167187499994 0.94351851875 0.05208333281250001 0.9990740734375001 0.0895833328125 0.9990740734375001
2 0.2244791671875 0.8879629625 0.23958333281250002 0.9046296296874999 0.2442708328125 0.8925925921875001 0.2442708328125 0.8870370375000001 0.2557291671875 0.872222221875 0.2635416671875 0.8333333328125001 0.2791666671875 0.8231481484375 0.2708333328125 0.727777778125 0.2682291671875 0.7231481484375 0.2630208328125 0.725 0.2567708328125 0.7212962968750001 0.2552083328125 0.7148148140624999 0.2479166671875 0.70648148125 0.2479166671875 0.6870370375 0.24635416718749997 0.6833333328125 0.23854166718749997 0.678703703125 0.2322916671875 0.6861111109375 0.22395833281250002 0.7175925921874999 0.2166666671875 0.7240740734375 0.2125 0.7398148140624999 0.215625 0.759259259375 0.215625 0.777777778125 0.2114583328125 0.7861111109375 0.2114583328125 0.81851851875 0.2171875 0.834259259375 0.2244791671875 0.8879629625
1 0.41041666718750003 0.8879629625 0.41197916718750005 0.9037037031249999 0.4166666671875 0.9111111109375001 0.4265625 0.9148148140625001 0.5057291671875 0.9138888890624999 0.525 0.9175925921875001 0.5369791671875 0.9138888890624999 0.5411458328125 0.89351851875 0.5421875 0.809259259375 0.540625 0.7861111109375 0.5375 0.7759259265625 0.534375 0.7120370375 0.5307291671875001 0.6879629625 0.5442708328125 0.665740740625 0.5447916671875 0.6555555562500001 0.5369791671875 0.6490740734375 0.5302083328125 0.6490740734375 0.5223958328125 0.627777778125 0.5171875 0.6231481484375 0.4692708328125 0.6175925921875 0.4359375 0.6231481484375 0.42083333281249996 0.646296296875 0.42395833281249995 0.6490740734375 0.41875 0.6629629625 0.4213541671875 0.6759259265625001 0.42083333281249996 0.6861111109375 0.41614583281249995 0.753703703125 0.4088541671875 0.809259259375 0.4114583328125 0.8370370375 0.41041666718750003 0.8879629625
2 0.38333333281250004 0.61944444375 0.3885416671875 0.621296296875 0.3932291671875 0.6120370375 0.4140625 0.5990740734375 0.41041666718750003 0.547222221875 0.4140625 0.5129629625 0.41197916718750005 0.48981481406249994 0.4036458328125 0.4953703703125 0.39895833281250004 0.4916666671875 0.396875 0.4861111109375 0.396875 0.4675925921875 0.3921875 0.46388888906250003 0.365625 0.502777778125 0.3609375 0.5138888890625 0.359375 0.5305555562500001 0.3640625 0.5351851859375001 0.3692708328125 0.5638888890625 0.3692708328125 0.5916666671875 0.3807291671875 0.6074074078125 0.38333333281250004 0.61944444375
2 0.0770833328125 0.5898148140624999 0.0796875 0.6009259265625 0.0875 0.6009259265625 0.09322916718749999 0.5833333328125 0.0921875 0.5555555562500001 0.1088541671875 0.547222221875 0.1109375 0.55648148125 0.109375 0.5722222218749999 0.1109375 0.5796296296875 0.11614583281249999 0.5768518515625 0.1171875 0.5833333328125 0.1197916671875 0.584259259375 0.1265625 0.5759259265625001 0.11927083281249999 0.553703703125 0.1109375 0.5351851859375001 0.1078125 0.534259259375 0.10625 0.5166666671875 0.10729166718750001 0.490740740625 0.0979166671875 0.4796296296875 0.0921875 0.46296296249999996 0.0838541671875 0.46481481406249997 0.0848958328125 0.48425925937500003 0.075 0.502777778125 0.071875 0.521296296875 0.0791666671875 0.5268518515625 0.0822916671875 0.5388888890625 0.0791666671875 0.5555555562500001 0.0791666671875 0.584259259375 0.0770833328125 0.5898148140624999
2 0.42395833281249995 0.2601851859375 0.421875 0.24444444375000002 0.41614583281249995 0.2370370375 0.4109375 0.222222221875 0.4125 0.21574074062499998 0.4010416671875 0.20370370312500002 0.3973958328125 0.19444444375 0.3916666671875 0.197222221875 0.3890625 0.2148148140625 0.3729166671875 0.22870370312500002 0.3697916671875 0.2370370375 0.3697916671875 0.24722222187499998 0.3838541671875 0.2675925921875 0.40625 0.259259259375 0.41302083281249996 0.2675925921875 0.41979166718750005 0.26851851875 0.42395833281249995 0.2601851859375
2 0.3109375 0.259259259375 0.3161458328125 0.2611111109375 0.3229166671875 0.24722222187499998 0.31979166718749996 0.23148148124999998 0.321875 0.22407407343750002 0.3145833328125 0.21203703749999997 0.3145833328125 0.20833333281250002 0.3078125 0.20277777812500003 0.3057291671875 0.19351851874999998 0.2984375 0.1861111109375 0.290625 0.1870370375 0.2854166671875 0.21851851875 0.28072916718749996 0.22407407343750002 0.2791666671875 0.240740740625 0.2822916671875 0.252777778125 0.2869791671875 0.259259259375 0.2942708328125 0.253703703125 0.3057291671875 0.2518518515625 0.3109375 0.259259259375