1 0.05078125 0.1359375 0.084375 0.06015625
1 0.4765625 0.76953125 0.13984375 0.3046875
3 0.91328125 0.38359375 0.03125 0.13203125
3 0.64375 0.0515625 0.07578125 0.04921875
3 0.53984375 0.0734375 0.03515625 0.0546875
3 0.91796875 0.275 0.02734375 0.04609375
3 0.72421875 0.06015625 0.03671875 0.05703125
3 0.9078125 0.48515625 0.025 0.04296875
0 0.74140625 0.653125 0.35 0.68984375
2 0.04375 0.5171875 0.0703125 0.09375
2 0.0609375 0.70546875 0.06484375 0.18046875
2 0.3421875 0.76015625 0.05546875 0.2
2 0.15859375 0.20625 0.03203125 0.05
2 0.66640625 0.16640625 0.02578125 0.04453125
2 0.62265625 0.1984375 0.04140625 0.05
2 0.23203125 0.2234375 0.04140625 0.05546875
2 0.20390625 0.87109375 0.06328125 0.18046875
2 0.090625 0.2078125 0.03515625 0.053125
2 0.29375 0.20859375 0.04296875 0.05
2 0.04296875 0.1765625 0.03359375 0.0515625
2 0.434375 0.23359375 0.0515625 0.05546875
2 0.38125 0.24375 0.04296875 0.059375
2 0.53828125 0.2515625 0.05234375 0.05390625
2 0.78515625 0.13046875 0.02890625 0.0359375
2 0.42734375 0.09921875 0.01328125 0.03515625
2 0.43828125 0.11640625 0.01328125 0.03671875
2 0.31953125 0.19765625 0.03515625 0.04140625
2 0.271875 0.68125 0.034375 0.11640625
2 0.56953125 0.1765625 0.03203125 0.040625
2 0.28828125 0.1453125 0.03203125 0.03671875
2 0.39140625 0.55625 0.04765625 0.13359375
2 0.16328125 0.78671875 0.0578125 0.140625
2 0.24140625 0.1875 0.02890625 0.0453125
2 0.73984375 0.171875 0.034375 0.0484375
2 0.5515625 0.2203125 0.02890625 0.0484375
2 0.11796875 0.1609375 0.028125 0.03671875
2 0.396875 0.115625 0.01171875 0.03046875
2 0.5984375 0.16953125 0.03046875 0.03828125
2 0.17890625 0.18125 0.03515625 0.04453125
2 0.71640625 0.16640625 0.02734375 0.0453125
2 0.0078125 0.19140625 0.01484375 0.04609375
2 0.01015625 0.16328125 0.01953125 0.05859375