1 0.0734375 0.13671875 0.08828125 0.05859375
1 0.4765625 0.76953125 0.13984375 0.30546875
3 0.64453125 0.05078125 0.07421875 0.0484375
3 0.53984375 0.0734375 0.03515625 0.0546875
3 0.91875 0.27421875 0.02734375 0.0453125
3 0.91328125 0.38359375 0.03125 0.13203125
3 0.9078125 0.4859375 0.02578125 0.04140625
3 0.72421875 0.05859375 0.0375 0.05625
0 0.7421875 0.653125 0.34921875 0.68984375
2 0.3421875 0.759375 0.05546875 0.19921875
2 0.09921875 0.63515625 0.0578125 0.16484375
2 0.2359375 0.79453125 0.06328125 0.16640625
2 0.6921875 0.20390625 0.0484375 0.05
2 0.59765625 0.25390625 0.05625 0.05625
2 0.12734375 0.21171875 0.034375 0.05546875
2 0.025 0.19296875 0.0484375 0.0484375
2 0.21328125 0.18203125 0.040625 0.04453125
2 0.58359375 0.16484375 0.0234375 0.040625
2 0.0671875 0.18046875 0.03515625 0.05
2 0.496875 0.23984375 0.04609375 0.05390625
2 0.44140625 0.1203125 0.01484375 0.03671875
2 0.27421875 0.22421875 0.04140625 0.059375
2 0.3609375 0.19765625 0.0390625 0.0453125
2 0.4171875 0.2515625 0.04375 0.05546875
2 0.63046875 0.17578125 0.03203125 0.04296875
2 0.39765625 0.1171875 0.0125 0.03203125
2 0.02734375 0.521875 0.04296875 0.06796875
2 0.78359375 0.17421875 0.03671875 0.04921875
2 0.78515625 0.13125 0.02890625 0.034375
2 0.2953125 0.61796875 0.04765625 0.12578125
2 0.1046875 0.1765625 0.02890625 0.0453125
2 0.4265625 0.1046875 0.0109375 0.03125
2 0.7 0.171875 0.02734375 0.04375
2 0.39140625 0.55546875 0.04765625 0.13359375
2 0.02421875 0.4921875 0.0484375 0.125
2 0.61015625 0.18359375 0.03203125 0.04140625
2 0.3328125 0.21171875 0.04453125 0.04921875
2 0.55390625 0.19453125 0.03984375 0.0484375
2 0.3015625 0.14453125 0.03203125 0.03203125
2 0.17265625 0.209375 0.03515625 0.0484375
2 0.6109375 0.2234375 0.0296875 0.05
2 0.75078125 0.1703125 0.03359375 0.04609375
2 0.4078125 0.209375 0.03984375 0.04296875
2 0.1890625 0.71953125 0.0578125 0.1703125