1 0.290625 0.09140625 0.06484375 0.04296875
1 0.47265625 0.8296875 0.15859375 0.3390625
1 0.6 0.10390625 0.06640625 0.04609375
1 0.88046875 0.9359375 0.2375 0.12578125
3 0.6515625 0.03515625 0.07578125 0.0484375
3 0.92421875 0.365625 0.03125 0.1296875
3 0.92890625 0.25546875 0.028125 0.0484375
3 0.54609375 0.0609375 0.03515625 0.0546875
3 0.73125 0.03984375 0.0390625 0.05546875
0 0.81015625 0.07734375 0.21015625 0.13203125
2 0.15546875 0.33125 0.04921875 0.0734375
2 0.09375 0.40234375 0.07734375 0.08203125
2 0.50234375 0.5484375 0.04296875 0.11015625
2 0.378125 0.39140625 0.05390625 0.0859375
2 0.34609375 0.91796875 0.07109375 0.16328125
2 0.27421875 0.31328125 0.04453125 0.06171875
2 0.184375 0.1015625 0.02421875 0.03828125
2 0.6109375 0.17109375 0.03046875 0.046875
2 0.671875 0.15625 0.0328125 0.04296875
2 0.44765625 0.5421875 0.040625 0.08984375
2 0.37734375 0.27734375 0.04375 0.0640625
2 0.09609375 0.5015625 0.03046875 0.06875
2 0.496875 0.16875 0.034375 0.046875
2 0.24453125 0.69296875 0.06875 0.15625
2 0.49921875 0.465625 0.0375 0.09921875
2 0.578125 0.1609375 0.0328125 0.04140625
2 0.54453125 0.55859375 0.03828125 0.11640625
2 0.4859375 0.10546875 0.02734375 0.03046875
2 0.13828125 0.10234375 0.02265625 0.03984375
2 0.47421875 0.15703125 0.02734375 0.04453125
2 0.10546875 0.10078125 0.0359375 0.04140625
2 0.26640625 0.8359375 0.04296875 0.13203125
2 0.18046875 0.54140625 0.05859375 0.10703125
2 0.6796875 0.93046875 0.05859375 0.13671875
2 0.25859375 0.0859375 0.02265625 0.0359375
2 0.65859375 0.11171875 0.03203125 0.03671875
2 0.45078125 0.1125 0.01953125 0.034375
2 0.53984375 0.42734375 0.03125 0.0859375
2 0.53203125 0.1796875 0.02890625 0.05390625
2 0.36171875 0.24453125 0.0390625 0.05625
2 0.60546875 0.87109375 0.0484375 0.11875
2 0.25625 0.38359375 0.0546875 0.06484375
2 0.61953125 0.13125 0.03125 0.03828125
4 0.7265625 0.584375 0.27109375 0.528125
4 0.3265625 0.1609375 0.22890625 0.18359375