1 0.18359375 0.19375 0.075 0.05859375
1 0.8 0.24453125 0.1078125 0.0734375
1 0.53984375 0.21484375 0.09921875 0.0796875
1 0.74921875 0.26796875 0.11953125 0.08515625
1 0.50078125 0.8609375 0.14609375 0.27578125
1 0.62421875 0.18125 0.0296875 0.059375
1 0.728125 0.834375 0.16875 0.2609375
1 0.25546875 0.17109375 0.0953125 0.06171875
1 0.2859375 0.2140625 0.09140625 0.0703125
1 0.10625 0.82734375 0.20390625 0.34140625
1 0.5640625 0.15703125 0.05390625 0.05390625
1 0.69140625 0.71015625 0.15 0.209375
1 0.46953125 0.23125 0.0921875 0.0703125
0 0.72890625 0.16953125 0.18515625 0.1203125
0 0.07734375 0.17421875 0.15390625 0.11796875
2 0.26640625 0.55234375 0.05859375 0.096875
2 0.5734375 0.5421875 0.03359375 0.11796875
2 0.67578125 0.5515625 0.04609375 0.11484375
2 0.33203125 0.49140625 0.03828125 0.10625
2 0.35703125 0.253125 0.04140625 0.05703125
2 0.31875 0.7453125 0.05703125 0.178125
2 0.24296875 0.91171875 0.065625 0.171875
2 0.51171875 0.25546875 0.040625 0.06953125
2 0.6203125 0.11796875 0.02109375 0.03203125
2 0.49921875 0.15546875 0.01796875 0.03828125
2 0.3375 0.86953125 0.06015625 0.18046875
2 0.5015625 0.53046875 0.04140625 0.121875
2 0.45859375 0.2515625 0.03984375 0.046875
2 0.38515625 0.75546875 0.05625 0.19375
2 0.28203125 0.23046875 0.03828125 0.04609375