1 0.47734375 0.7640625 0.13984375 0.30625
1 0.109375 0.13359375 0.0890625 0.06015625
1 0.03828125 0.14140625 0.0765625 0.05859375
3 0.53984375 0.06796875 0.03515625 0.0546875
3 0.91328125 0.37890625 0.03125 0.13125
3 0.64453125 0.04453125 0.07578125 0.05078125
3 0.91875 0.26875 0.02890625 0.046875
0 0.7421875 0.65078125 0.35078125 0.69453125
2 0.34140625 0.75390625 0.05390625 0.2
2 0.16171875 0.5390625 0.0515625 0.12890625
2 0.2859375 0.6765625 0.04765625 0.14296875
2 0.2015625 0.2140625 0.04140625 0.06328125
2 0.77109375 0.175 0.0375 0.04609375
2 0.3515625 0.22421875 0.04296875 0.0546875
2 0.61171875 0.2390625 0.04921875 0.05859375
2 0.48671875 0.259375 0.04609375 0.0546875
2 0.71953125 0.24921875 0.05546875 0.06171875
2 0.84140625 0.20859375 0.05078125 0.05390625
2 0.4078125 0.21328125 0.0453125 0.05
2 0.0953125 0.18203125 0.03984375 0.06484375
2 0.05 0.18203125 0.03515625 0.0453125
2 0.31484375 0.13515625 0.02578125 0.03671875
2 0.43671875 0.10234375 0.02578125 0.03984375
2 0.28671875 0.178125 0.03828125 0.04375
2 0.11796875 0.17890625 0.03359375 0.0546875
2 0.1515625 0.16953125 0.034375 0.059375
2 0.78515625 0.121875 0.02890625 0.040625
2 0.4015625 0.11640625 0.0140625 0.034375
2 0.21484375 0.16328125 0.028125 0.0390625
2 0.66328125 0.15625 0.01875 0.0359375
2 0.57890625 0.2234375 0.03671875 0.05
2 0.63515625 0.16953125 0.03046875 0.04375
2 0.228125 0.64296875 0.05234375 0.15
2 0.86796875 0.18125 0.0359375 0.040625
2 0.34765625 0.51875 0.04609375 0.125
2 0.7 0.18359375 0.04453125 0.0453125
2 0.55 0.20703125 0.0234375 0.0453125
2 0.4359375 0.1984375 0.04296875 0.046875
2 0.478125 0.209375 0.03984375 0.0484375
2 0.38984375 0.5515625 0.0515625 0.13515625
2 0.815625 0.1703125 0.03828125 0.04453125
2 0.56015625 0.20859375 0.03828125 0.04375
2 0.3578125 0.15703125 0.03515625 0.05859375
2 0.11875 0.89375 0.07265625 0.20703125
2 0.0078125 0.17421875 0.015625 0.05
2 0.32265625 0.20703125 0.03984375 0.0546875