1 0.4796875 0.9265625 0.1875 0.1453125
1 0.6578125 0.17734375 0.10078125 0.065625
1 0.30859375 0.14296875 0.05390625 0.06171875
1 0.384375 0.203125 0.1296875 0.071875
1 0.025 0.115625 0.04921875 0.0515625
3 0.646875 0.04140625 0.0765625 0.05
3 0.72734375 0.05078125 0.03828125 0.06015625
3 0.9171875 0.37578125 0.03203125 0.13046875
3 0.921875 0.265625 0.02734375 0.0484375
2 0.20859375 0.371875 0.0359375 0.084375
2 0.5234375 0.75546875 0.0578125 0.146875
2 0.48203125 0.240625 0.05390625 0.05703125
2 0.3859375 0.22578125 0.0421875 0.05390625
2 0.6375 0.225 0.04609375 0.05
2 0.0484375 0.90703125 0.06171875 0.18125
2 0.190625 0.19296875 0.03828125 0.053125
2 0.68125 0.24765625 0.04921875 0.0546875
2 0.803125 0.2265625 0.04921875 0.0515625
2 0.27109375 0.221875 0.04453125 0.0546875
2 0.8578125 0.25625 0.05859375 0.075
2 0.3390625 0.21640625 0.0421875 0.04921875
2 0.53125 0.23359375 0.0453125 0.053125
2 0.58046875 0.7359375 0.04765625 0.14609375
2 0.27109375 0.73125 0.05234375 0.178125
2 0.13359375 0.86640625 0.06640625 0.21328125
2 0.59375 0.90546875 0.05703125 0.18515625
2 0.01796875 0.778125 0.03515625 0.18125
2 0.46640625 0.16171875 0.02578125 0.0453125
2 0.7328125 0.23359375 0.04921875 0.05703125
2 0.28984375 0.17734375 0.04296875 0.0546875
2 0.66171875 0.08125 0.01171875 0.02890625
2 0.4140625 0.0734375 0.01640625 0.0296875
2 0.2 0.79921875 0.0625 0.14453125
2 0.1921875 0.70703125 0.06328125 0.13515625
2 0.72421875 0.1984375 0.04296875 0.04296875
4 0.39375 0.14140625 0.11796875 0.103125
4 0.540625 0.17421875 0.12578125 0.11328125