1 0.559375 0.203125 0.04609375 0.06875
1 0.48828125 0.8765625 0.1625 0.2453125
1 0.5046875 0.4234375 0.07578125 0.134375
1 0.6015625 0.16171875 0.03046875 0.05078125
1 0.3484375 0.10703125 0.04921875 0.04453125
0 0.7265625 0.48828125 0.171875 0.5109375
2 0.3796875 0.303125 0.01953125 0.046875
2 0.42421875 0.328125 0.02109375 0.0546875
2 0.546875 0.546875 0.040625 0.1203125
2 0.46796875 0.32109375 0.01640625 0.0484375
2 0.3875 0.23125 0.01640625 0.03515625
2 0.16640625 0.13828125 0.02109375 0.02578125
2 0.178125 0.390625 0.04765625 0.06953125
2 0.2359375 0.1390625 0.02421875 0.02578125
2 0.29453125 0.14375 0.02421875 0.02421875
2 0.49609375 0.24453125 0.01484375 0.03984375
2 0.203125 0.12421875 0.02109375 0.03046875
2 0.796875 0.19140625 0.02734375 0.034375
2 0.47890625 0.21171875 0.01328125 0.03515625
2 0.13046875 0.12890625 0.02109375 0.034375
2 0.47421875 0.12734375 0.0109375 0.03046875
2 0.04375 0.490625 0.08046875 0.10703125
2 0.365625 0.1484375 0.0140625 0.0296875
2 0.43515625 0.24375 0.0140625 0.0296875