1 0.24140625 0.190625 0.05078125 0.05
1 0.48203125 0.45625 0.08046875 0.13125
1 0.0515625 0.32109375 0.10234375 0.12578125
1 0.5359375 0.19296875 0.0328125 0.04921875
1 0.58125 0.2046875 0.04453125 0.0703125
3 0.646875 0.1078125 0.0765625 0.05859375
3 0.9171875 0.440625 0.03046875 0.12890625
3 0.57734375 0.01328125 0.00859375 0.015625
3 0.54609375 0.01328125 0.0078125 0.0140625
3 0.5703125 0.01171875 0.0578125 0.01875
0 0.7171875 0.4265625 0.14296875 0.2734375
2 0.2890625 0.1859375 0.0140625 0.03515625
2 0.60390625 0.3109375 0.0203125 0.06328125
2 0.21484375 0.1859375 0.01484375 0.0390625
2 0.7625 0.17265625 0.02421875 0.034375
2 0.69140625 0.16171875 0.01796875 0.03125
2 0.4984375 0.18671875 0.0109375 0.0296875
2 0.51875 0.2515625 0.01484375 0.03515625
2 0.40859375 0.209375 0.015625 0.03359375
2 0.740625 0.70078125 0.0515625 0.13125
2 0.80625 0.19921875 0.025 0.05
2 0.56875 0.29453125 0.02109375 0.06640625
2 0.45078125 0.35078125 0.01484375 0.05625