1 0.48984375 0.86328125 0.15546875 0.27109375
1 0.34140625 0.109375 0.06171875 0.04609375
1 0.5609375 0.19609375 0.04609375 0.06875
1 0.6015625 0.1578125 0.0296875 0.046875
1 0.01640625 0.35546875 0.0328125 0.0953125
1 0.50703125 0.40546875 0.07265625 0.13359375
0 0.71953125 0.46328125 0.16171875 0.47890625
2 0.5609375 0.521875 0.03671875 0.11640625
2 0.10703125 0.13203125 0.02109375 0.025
2 0.39140625 0.2875 0.01953125 0.0453125
2 0.82578125 0.95546875 0.07421875 0.08828125
2 0.5015625 0.2328125 0.01328125 0.03828125
2 0.3578125 0.1484375 0.0265625 0.02890625
2 0.27578125 0.14296875 0.0234375 0.025
2 0.21796875 0.1375 0.02734375 0.0265625
2 0.3828125 0.21953125 0.01640625 0.03203125
2 0.20625 0.2 0.03515625 0.04453125
2 0.12109375 0.4921875 0.05 0.103125
2 0.1765625 0.3921875 0.05078125 0.06953125
2 0.04453125 0.48359375 0.08125 0.12421875
2 0.796875 0.19140625 0.02734375 0.034375
2 0.18125 0.12421875 0.01953125 0.028125
2 0.43515625 0.30703125 0.02109375 0.05390625
2 0.14609375 0.1359375 0.021875 0.02578125
2 0.01484375 0.18515625 0.0296875 0.03515625
2 0.47421875 0.128125 0.0109375 0.03125
2 0.48515625 0.203125 0.01328125 0.0359375
2 0.47734375 0.3 0.01484375 0.04453125
2 0.43125 0.10390625 0.0109375 0.025
4 0.14296875 0.2484375 0.08046875 0.1296875