1 0.05234375 0.140625 0.08359375 0.05859375
1 0.4765625 0.76171875 0.13984375 0.30625
1 0.11953125 0.13046875 0.08515625 0.05546875
3 0.64453125 0.04296875 0.07578125 0.05078125
3 0.9140625 0.3765625 0.03046875 0.13125
3 0.53984375 0.06640625 0.03515625 0.0546875
3 0.48359375 0.05859375 0.07578125 0.0484375
3 0.91875 0.26796875 0.02734375 0.04609375
0 0.74140625 0.64921875 0.35 0.6984375
2 0.134375 0.86953125 0.0703125 0.21171875
2 0.3421875 0.75234375 0.0546875 0.19921875
2 0.3 0.6390625 0.04453125 0.13828125
2 0.76171875 0.24609375 0.05390625 0.06875
2 0.79921875 0.1734375 0.03984375 0.04921875
2 0.378125 0.22578125 0.04296875 0.0515625
2 0.653125 0.240625 0.05 0.05546875
2 0.0671875 0.17578125 0.0359375 0.05703125
2 0.5109375 0.2625 0.046875 0.05625
2 0.43515625 0.21328125 0.0453125 0.0515625
2 0.3859375 0.16640625 0.03125 0.04140625
2 0.7296875 0.18359375 0.03984375 0.05078125
2 0.1828125 0.51328125 0.05234375 0.11875
2 0.22265625 0.2140625 0.05390625 0.06328125
2 0.45859375 0.12109375 0.01328125 0.04296875
2 0.70234375 0.16484375 0.028125 0.04296875
2 0.015625 0.165625 0.03125 0.0625
2 0.83984375 0.1703125 0.03828125 0.05
2 0.40390625 0.1171875 0.01484375 0.034375
2 0.31171875 0.17734375 0.034375 0.04375
2 0.11796875 0.1890625 0.040625 0.0515625
2 0.7859375 0.121875 0.0296875 0.03515625
2 0.3390625 0.20703125 0.03203125 0.0546875
2 0.50234375 0.209375 0.040625 0.046875
2 0.61484375 0.221875 0.03984375 0.053125
2 0.39140625 0.54921875 0.05 0.13359375
2 0.36953125 0.49609375 0.046875 0.11796875
2 0.590625 0.20625 0.03828125 0.0484375
2 0.68125 0.15625 0.0203125 0.03671875
2 0.16796875 0.17578125 0.03515625 0.0453125
2 0.65546875 0.1703125 0.03046875 0.04453125
2 0.23984375 0.62109375 0.0515625 0.1453125