1 0.171875 0.365625 0.11796875 0.109375
1 0.1421875 0.175 0.06640625 0.0484375
1 0.4140625 0.19296875 0.04765625 0.046875
1 0.7703125 0.22265625 0.0890625 0.0546875
1 0.859375 0.20625 0.08359375 0.04609375
1 0.4859375 0.96875 0.1546875 0.0609375
1 0.9890625 0.2140625 0.02109375 0.03984375
3 0.59453125 0.0296875 0.02421875 0.01328125
3 0.9265625 0.45625 0.03046875 0.1296875
3 0.734375 0.13359375 0.0375 0.05703125
3 0.65546875 0.1265625 0.07421875 0.04921875
3 0.5515625 0.146875 0.03515625 0.05390625
3 0.4953125 0.1390625 0.075 0.05
3 0.92109375 0.5578125 0.025 0.04140625
3 0.93046875 0.346875 0.02734375 0.046875
2 0.47734375 0.54375 0.04296875 0.09609375
2 0.7046875 0.403125 0.05859375 0.0640625
2 0.528125 0.8171875 0.06484375 0.18984375
2 0.5890625 0.81875 0.04765625 0.153125
2 0.3828125 0.5625 0.034375 0.10078125
2 0.40859375 0.46328125 0.02890625 0.08046875
2 0.70546875 0.846875 0.06640625 0.19296875
2 0.278125 0.809375 0.05390625 0.1796875
2 0.64921875 0.20625 0.03046875 0.04453125
2 0.20625 0.17109375 0.021875 0.03828125
2 0.7984375 0.24609375 0.02109375 0.03984375
2 0.48359375 0.1859375 0.02421875 0.03671875
2 0.1046875 0.85234375 0.07890625 0.15078125
2 0.1984375 0.790625 0.06484375 0.14609375
2 0.34375 0.925 0.05 0.1484375
2 0.25546875 0.1859375 0.02578125 0.04375
2 0.5265625 0.55625 0.03828125 0.0984375