1 0.4796875 0.9265625 0.18828125 0.1453125
1 0.82578125 0.19140625 0.11953125 0.08125
1 0.6328125 0.1734375 0.09921875 0.06484375
1 0.26015625 0.1390625 0.04453125 0.05703125
1 0.85859375 0.16015625 0.06640625 0.071875
1 0.3078125 0.19375 0.10546875 0.0703125
3 0.64765625 0.040625 0.07734375 0.05
3 0.72734375 0.05078125 0.0375 0.05859375
3 0.91640625 0.37421875 0.03125 0.13046875
3 0.921875 0.265625 0.02734375 0.04921875
2 0.1765625 0.34375 0.03359375 0.08046875
2 0.52109375 0.7359375 0.06328125 0.184375
2 0.8625 0.2640625 0.05078125 0.06484375
2 0.18046875 0.21171875 0.04453125 0.053125
2 0.56953125 0.2359375 0.0484375 0.05625
2 0.62109375 0.2265625 0.04609375 0.05546875
2 0.43828125 0.221875 0.0421875 0.0546875
2 0.81640625 0.23046875 0.04921875 0.053125
2 0.28046875 0.215625 0.0484375 0.05859375
2 0.27109375 0.73046875 0.053125 0.17890625
2 0.58046875 0.74296875 0.04765625 0.1640625
2 0.13359375 0.8625 0.06796875 0.21953125
2 0.7484375 0.20546875 0.046875 0.05859375
2 0.61796875 0.10234375 0.01171875 0.03046875
2 0.134375 0.18671875 0.03671875 0.0546875
2 0.72578125 0.25234375 0.05078125 0.0640625
2 0.41328125 0.071875 0.01640625 0.0296875
2 0.37578125 0.228125 0.04765625 0.05703125
2 0.6625 0.08046875 0.0125 0.02890625
2 0.6625 0.19140625 0.034375 0.04296875
2 0.53125 0.215625 0.03359375 0.05
2 0.80625 0.13046875 0.02421875 0.03515625
2 0.07890625 0.16328125 0.02734375 0.053125
2 0.2 0.79921875 0.0625 0.1453125
2 0.615625 0.12890625 0.01796875 0.0296875
2 0.65 0.13828125 0.0140625 0.02578125
2 0.97109375 0.27578125 0.02578125 0.04375
2 0.6953125 0.22109375 0.04453125 0.05
2 0.5765625 0.1890625 0.03671875 0.04296875
2 0.19140625 0.709375 0.0640625 0.140625