1 0.48046875 0.9265625 0.18828125 0.1453125
1 0.36953125 0.19921875 0.10625 0.0734375
1 0.2953125 0.14140625 0.05234375 0.05703125
1 0.65546875 0.1765625 0.07578125 0.06484375
1 0.52265625 0.11484375 0.05 0.02421875
3 0.646875 0.04140625 0.0765625 0.05
3 0.72734375 0.05078125 0.03828125 0.06015625
3 0.9171875 0.37578125 0.03203125 0.13046875
3 0.921875 0.26640625 0.02734375 0.046875
3 0.4859375 0.05625 0.07734375 0.05078125
2 0.19921875 0.36328125 0.03359375 0.08203125
2 0.52421875 0.75390625 0.0578125 0.146875
2 0.45234375 0.23671875 0.04765625 0.05703125
2 0.24375 0.21171875 0.04765625 0.06640625
2 0.646875 0.2453125 0.05 0.05390625
2 0.35703125 0.2234375 0.03984375 0.05546875
2 0.821875 0.2609375 0.05390625 0.05703125
2 0.6046875 0.2203125 0.03828125 0.0515625
2 0.040625 0.91015625 0.06171875 0.17578125
2 0.7 0.23203125 0.0484375 0.05546875
2 0.7703125 0.22421875 0.04453125 0.05
2 0.13359375 0.8671875 0.06640625 0.21171875
2 0.17421875 0.19296875 0.03671875 0.0515625
2 0.61953125 0.09375 0.01015625 0.03125
2 0.609375 0.13359375 0.01796875 0.03984375
2 0.58359375 0.7359375 0.05390625 0.1484375
2 0.31640625 0.21328125 0.03984375 0.05
2 0.73828125 0.1640625 0.03515625 0.03828125
2 0.66171875 0.08125 0.01171875 0.02890625
2 0.4140625 0.071875 0.01640625 0.0296875
2 0.5453125 0.11484375 0.01171875 0.02421875
2 0.4515625 0.159375 0.0171875 0.0453125
2 0.63515625 0.13125 0.02109375 0.025
2 0.27109375 0.73125 0.05234375 0.17890625
2 0.61953125 0.190625 0.03671875 0.04140625
2 0.2 0.8 0.06328125 0.14453125
2 0.59375 0.909375 0.05703125 0.178125
2 0.70546875 0.19765625 0.04375 0.04375
2 0.0203125 0.80234375 0.040625 0.1890625
2 0.50390625 0.23125 0.04296875 0.05390625
4 0.52109375 0.1734375 0.125 0.11328125
4 0.37734375 0.1421875 0.11640625 0.103125