1 0.55859375 0.2046875 0.046875 0.0703125
1 0.48984375 0.88125 0.16015625 0.23515625
1 0.5046875 0.43125 0.07734375 0.13671875
1 0.6015625 0.16328125 0.03203125 0.0515625
0 0.72890625 0.4984375 0.17578125 0.521875
2 0.5421875 0.56171875 0.03984375 0.1109375
2 0.375 0.30703125 0.0203125 0.0515625
2 0.38828125 0.234375 0.0171875 0.03515625
2 0.41875 0.33671875 0.02109375 0.05703125
2 0.49453125 0.246875 0.01484375 0.04375
2 0.13984375 0.13359375 0.02109375 0.02578125
2 0.178125 0.39140625 0.04609375 0.06875
2 0.24296875 0.13984375 0.0234375 0.02578125
2 0.175 0.1375 0.0203125 0.0265625
2 0.465625 0.32109375 0.0171875 0.04140625
2 0.3015625 0.14609375 0.0234375 0.025
2 0.21171875 0.1265625 0.01953125 0.0265625
2 0.796875 0.190625 0.02734375 0.0359375
2 0.4765625 0.215625 0.01328125 0.03515625
2 0.04453125 0.503125 0.08203125 0.0796875
2 0.6953125 0.1640625 0.0125 0.03046875
2 0.428125 0.28828125 0.01953125 0.04140625
2 0.440625 0.10078125 0.00859375 0.02109375