1 0.4796875 0.9265625 0.18671875 0.1453125
1 0.66171875 0.17734375 0.103125 0.065625
1 0.40859375 0.20390625 0.10859375 0.07109375
1 0.31640625 0.14375 0.05859375 0.0609375
1 0.0265625 0.11328125 0.053125 0.0484375
3 0.64765625 0.04140625 0.07734375 0.04921875
3 0.72734375 0.05078125 0.03828125 0.06015625
3 0.91796875 0.37578125 0.03203125 0.13046875
3 0.92265625 0.26640625 0.02734375 0.046875
3 0.4859375 0.0546875 0.07734375 0.0515625
2 0.5234375 0.7546875 0.059375 0.1484375
2 0.4015625 0.22734375 0.0421875 0.053125
2 0.8203125 0.22421875 0.04921875 0.05625
2 0.05390625 0.88828125 0.06640625 0.2203125
2 0.69765625 0.2484375 0.05078125 0.05390625
2 0.496875 0.2421875 0.05859375 0.05859375
2 0.35 0.2171875 0.0421875 0.05078125
2 0.19765625 0.19375 0.03828125 0.0515625
2 0.65234375 0.22421875 0.04453125 0.05078125
2 0.59296875 0.9046875 0.05859375 0.18671875
2 0.75078125 0.234375 0.05 0.05859375
2 0.28359375 0.22265625 0.0453125 0.05625
2 0.4734375 0.16171875 0.0296875 0.04453125
2 0.27109375 0.73125 0.05234375 0.1765625
2 0.13359375 0.8640625 0.06640625 0.21875
2 0.58046875 0.7359375 0.04765625 0.1484375
2 0.21328125 0.375 0.0375 0.08515625
2 0.62578125 0.134375 0.01953125 0.0390625
2 0.29765625 0.1765625 0.04296875 0.05703125
2 0.66171875 0.08046875 0.01171875 0.028125
2 0.8703125 0.26796875 0.03359375 0.0484375
2 0.9453125 0.240625 0.02890625 0.05546875
2 0.728125 0.196875 0.0328125 0.04296875
2 0.41328125 0.071875 0.01640625 0.03046875
2 0.01640625 0.7671875 0.03203125 0.175
2 0.01328125 0.15703125 0.0265625 0.06328125
2 0.2 0.79921875 0.0625 0.1453125
2 0.1921875 0.70390625 0.0625 0.1296875
2 0.5453125 0.23515625 0.04609375 0.0515625
2 0.8640625 0.21640625 0.0390625 0.0484375
2 0.009375 0.18984375 0.01875 0.0515625