1 0.2140625 0.35078125 0.11015625 0.0953125
1 0.17890625 0.18359375 0.06796875 0.0484375
1 0.02265625 0.4734375 0.04453125 0.12109375
1 0.9890625 0.228125 0.02109375 0.05546875
1 0.4859375 0.97265625 0.1484375 0.053125
1 0.6265625 0.19453125 0.0984375 0.053125
1 0.44921875 0.20234375 0.06328125 0.046875
1 0.79921875 0.23046875 0.08984375 0.05546875
3 0.59453125 0.0375 0.02421875 0.0140625
3 0.5515625 0.15546875 0.03515625 0.053125
3 0.734375 0.14140625 0.0375 0.05625
3 0.65546875 0.13359375 0.075 0.05
3 0.9265625 0.4640625 0.03046875 0.13046875
2 0.27734375 0.81796875 0.05390625 0.18046875
2 0.3828125 0.57109375 0.034375 0.09921875
2 0.52890625 0.82578125 0.065625 0.18984375
2 0.64453125 0.42421875 0.0578125 0.06484375
2 0.528125 0.55859375 0.03828125 0.08671875
2 0.4484375 0.57265625 0.05546875 0.09921875
2 0.0625 0.92109375 0.08203125 0.15546875
2 0.85546875 0.40703125 0.04609375 0.065625
2 0.51796875 0.19296875 0.02734375 0.03984375
2 0.58984375 0.8265625 0.04921875 0.153125
2 0.7046875 0.85625 0.06796875 0.19296875
2 0.7984375 0.2546875 0.02109375 0.03515625
2 0.2046875 0.88984375 0.0640625 0.15
2 0.24609375 0.1828125 0.021875 0.03203125
2 0.29140625 0.19921875 0.0265625 0.03828125
2 0.65859375 0.93203125 0.075 0.13359375
2 0.73203125 0.76875 0.05234375 0.13984375
2 0.41015625 0.46796875 0.02578125 0.07578125
2 0.31640625 0.1828125 0.01953125 0.03828125
2 0.39921875 0.1875 0.01875 0.03984375
2 0.70078125 0.21484375 0.03203125 0.04296875
2 0.1984375 0.796875 0.0640625 0.14140625
2 0.69140625 0.2 0.0328125 0.0390625