1 0.21015625 0.18125 0.08984375 0.05625
1 0.5421875 0.20859375 0.0828125 0.06328125
1 0.6359375 0.17578125 0.0734375 0.06328125
1 0.5015625 0.8984375 0.1734375 0.2015625
1 0.5328125 0.13671875 0.03671875 0.05
1 0.77578125 0.81484375 0.221875 0.36875
1 0.53984375 0.59453125 0.1125 0.23515625
1 0.459375 0.11796875 0.02734375 0.046875
2 0.69296875 0.18046875 0.02421875 0.040625
2 0.63203125 0.12109375 0.01796875 0.03125
2 0.7796875 0.21875 0.04140625 0.05078125
2 0.72734375 0.2015625 0.04375 0.04375
2 0.646875 0.24609375 0.05859375 0.05859375
2 0.52109375 0.2609375 0.04140625 0.04375
2 0.1609375 0.2265625 0.0328125 0.04453125
2 0.34609375 0.1453125 0.03515625 0.03359375
2 0.4 0.2546875 0.0453125 0.06328125
2 0.5953125 0.50078125 0.03671875 0.11484375
2 0.10625 0.2203125 0.03359375 0.0484375
2 0.271875 0.12890625 0.01953125 0.0265625
2 0.83828125 0.225 0.04140625 0.05390625
2 0.49765625 0.1453125 0.01484375 0.03359375
2 0.2296875 0.1234375 0.02421875 0.025
2 0.7859375 0.11328125 0.0203125 0.021875
2 0.80234375 0.20390625 0.034375 0.03984375
2 0.87890625 0.23984375 0.040625 0.0515625
2 0.3234375 0.2328125 0.0390625 0.04921875
2 0.0796875 0.20703125 0.03046875 0.0484375
2 0.4390625 0.23515625 0.03359375 0.0515625
2 0.25546875 0.22890625 0.04453125 0.04921875