1 0.484375 0.5859375 0.11015625 0.2234375
1 0.490625 0.36953125 0.06171875 0.10703125
1 0.19375 0.20703125 0.06796875 0.0796875
1 0.60390625 0.12734375 0.01484375 0.0234375
1 0.5515625 0.17578125 0.0359375 0.059375
1 0.56875 0.15 0.01875 0.04453125
1 0.50234375 0.24765625 0.05234375 0.1046875
3 0.646875 0.1015625 0.0765625 0.05
3 0.7265625 0.109375 0.03828125 0.059375
3 0.9171875 0.43359375 0.0296875 0.128125
3 0.5703125 0.00703125 0.0578125 0.0140625
2 0.0453125 0.5265625 0.075 0.096875
2 0.78515625 0.35 0.03515625 0.05390625
2 0.3171875 0.1640625 0.02578125 0.040625
2 0.4703125 0.1515625 0.0109375 0.021875
2 0.39765625 0.1890625 0.01796875 0.03984375
2 0.525 0.15546875 0.00859375 0.02421875
2 0.80546875 0.19375 0.02421875 0.04453125
2 0.221875 0.17578125 0.01640625 0.03359375
2 0.39609375 0.30390625 0.01796875 0.05390625
4 0.09453125 0.225 0.15 0.20390625
4 0.71328125 0.5609375 0.24609375 0.59609375
4 0.92890625 0.31875 0.11015625 0.14375