1 0.47734375 0.75625 0.13984375 0.30625
1 0.1140625 0.13828125 0.0875 0.06171875
1 0.16875 0.13046875 0.08515625 0.0640625
1 0.484375 0.096875 0.0421875 0.05078125
3 0.64375 0.0359375 0.07578125 0.04921875
3 0.725 0.04453125 0.03671875 0.05546875
3 0.9140625 0.3703125 0.03125 0.1296875
3 0.53984375 0.05859375 0.03515625 0.0546875
3 0.48359375 0.0515625 0.07578125 0.04921875
3 0.91953125 0.2609375 0.02890625 0.046875
0 0.74140625 0.64609375 0.35 0.70390625
2 0.3421875 0.74375 0.0546875 0.19921875
2 0.04453125 0.8234375 0.05703125 0.1953125
2 0.18125 0.7828125 0.07265625 0.18828125
2 0.28125 0.5453125 0.04296875 0.13359375
2 0.8328125 0.240625 0.05234375 0.05546875
2 0.49140625 0.2265625 0.04453125 0.0546875
2 0.35078125 0.22421875 0.04296875 0.05546875
2 0.0828125 0.17109375 0.03359375 0.0515625
2 0.14296875 0.17421875 0.03671875 0.06015625
2 0.6125 0.27109375 0.05234375 0.05703125
2 0.77578125 0.22421875 0.05 0.0546875
2 0.253125 0.08359375 0.021875 0.02578125
2 0.55234375 0.21328125 0.04609375 0.0546875
2 0.725 0.209375 0.04765625 0.05
2 0.871875 0.19375 0.03203125 0.053125
2 0.3546875 0.53984375 0.03046875 0.08125
2 0.46328125 0.11796875 0.0140625 0.03828125
2 0.25859375 0.20078125 0.03828125 0.05546875
2 0.28671875 0.4234375 0.0546875 0.0890625
2 0.496875 0.41875 0.05859375 0.09609375
2 0.02890625 0.15390625 0.0421875 0.046875
2 0.2171875 0.1890625 0.0421875 0.05078125
2 0.44296875 0.10859375 0.01796875 0.03515625
2 0.50234375 0.16328125 0.03671875 0.0609375
2 0.7484375 0.1734375 0.03828125 0.04453125
2 0.32734375 0.1953125 0.03125 0.04609375
2 0.6046875 0.20703125 0.04296875 0.053125
2 0.9484375 0.25390625 0.040625 0.06328125
2 0.41328125 0.11640625 0.015625 0.03671875
2 0.80234375 0.1703125 0.03828125 0.04296875
2 0.7859375 0.1140625 0.03046875 0.03828125
2 0.4890625 0.1296875 0.0203125 0.03125
2 0.3078125 0.128125 0.02265625 0.03125
2 0.44375 0.209375 0.04375 0.05390625
2 0.8484375 0.1828125 0.03984375 0.04375
2 0.39140625 0.54140625 0.05 0.13359375
2 0.42265625 0.17578125 0.03203125 0.04375
2 0.76953125 0.15859375 0.03359375 0.040625
2 0.009375 0.18203125 0.01875 0.05546875