1 0.5921875 0.18828125 0.02890625 0.04609375
1 0.50234375 0.8640625 0.13671875 0.26953125
1 0.05703125 0.4140625 0.103125 0.165625
1 0.55078125 0.24453125 0.0359375 0.06015625
1 0.61328125 0.34375 0.065625 0.11796875
1 0.32890625 0.18828125 0.0375 0.059375
1 0.49765625 0.17421875 0.01328125 0.01953125
3 0.92890625 0.45703125 0.03125 0.13203125
3 0.9328125 0.3484375 0.02734375 0.046875
3 0.5875 0.03203125 0.00703125 0.01484375
3 0.59609375 0.03125 0.02421875 0.01484375
2 0.36640625 0.525 0.02578125 0.07421875
2 0.4140625 0.3484375 0.01796875 0.05703125
2 0.475 0.22890625 0.01640625 0.034375
2 0.47265625 0.29765625 0.02265625 0.04921875
2 0.178125 0.45 0.02265625 0.06640625
4 0.13203125 0.24375 0.1015625 0.15859375
4 0.24375 0.2109375 0.07265625 0.11328125
4 0.7765625 0.696875 0.39140625 0.60390625
4 0.496875 0.440625 0.08203125 0.21640625
4 0.409375 0.15390625 0.03828125 0.065625
4 0.190625 0.271875 0.0890625 0.14140625