1 0.5921875 0.18671875 0.02890625 0.04453125
1 0.0546875 0.41796875 0.10078125 0.16640625
1 0.4390625 0.14296875 0.02734375 0.03203125
1 0.5015625 0.859375 0.13359375 0.2796875
1 0.5515625 0.24375 0.034375 0.0609375
1 0.61328125 0.340625 0.06484375 0.11640625
1 0.50078125 0.17421875 0.01484375 0.01953125
1 0.328125 0.18828125 0.0390625 0.06015625
3 0.7359375 0.1359375 0.03828125 0.06015625
3 0.65625 0.128125 0.07578125 0.05
3 0.928125 0.4578125 0.03203125 0.13203125
3 0.9328125 0.3484375 0.02734375 0.046875
3 0.59609375 0.03125 0.02421875 0.01484375
3 0.5875 0.0328125 0.00703125 0.0140625
0 0.7671875 0.696875 0.378125 0.603125
2 0.41640625 0.34453125 0.01953125 0.059375
2 0.4703125 0.30078125 0.02890625 0.04375
2 0.37109375 0.4984375 0.03046875 0.10546875
2 0.4765625 0.2296875 0.01328125 0.0296875
2 0.178125 0.44921875 0.02265625 0.06796875
4 0.12890625 0.24609375 0.10390625 0.159375
4 0.24140625 0.21171875 0.07265625 0.1140625
4 0.40859375 0.15546875 0.03671875 0.065625
4 0.18828125 0.2734375 0.08984375 0.14375