1 0.0890625 0.1359375 0.08515625 0.05859375
1 0.47734375 0.76875 0.13984375 0.30546875
1 0.02578125 0.14765625 0.0515625 0.06796875
3 0.91328125 0.38203125 0.03125 0.13203125
3 0.53984375 0.07109375 0.034375 0.05390625
3 0.64453125 0.0484375 0.07421875 0.04921875
3 0.72421875 0.05703125 0.03671875 0.05625
3 0.9078125 0.48359375 0.02578125 0.04140625
0 0.7421875 0.6515625 0.34921875 0.69296875
2 0.1265625 0.58828125 0.053125 0.1484375
2 0.3421875 0.75703125 0.0546875 0.2015625
2 0.259375 0.734375 0.0546875 0.1640625
2 0.44375 0.11875 0.0171875 0.04140625
2 0.446875 0.25703125 0.0453125 0.053125
2 0.7546875 0.20625 0.05078125 0.04921875
2 0.2453125 0.18046875 0.03984375 0.04609375
2 0.546875 0.240625 0.046875 0.05390625
2 0.60546875 0.16875 0.02734375 0.04140625
2 0.08828125 0.92734375 0.075 0.14375
2 0.159375 0.215625 0.0375 0.0515625
2 0.0203125 0.1765625 0.03515625 0.059375
2 0.8203125 0.17890625 0.03828125 0.0453125
2 0.30625 0.584375 0.03359375 0.1
2 0.31171875 0.14609375 0.0390625 0.07578125
2 0.1265625 0.17265625 0.03359375 0.0546875
2 0.0875 0.1796875 0.03515625 0.05390625
2 0.36484375 0.21171875 0.04453125 0.05078125
2 0.05390625 0.19296875 0.04921875 0.0484375
2 0.7859375 0.13046875 0.028125 0.03203125
2 0.728125 0.171875 0.03203125 0.04296875
2 0.20703125 0.68359375 0.0546875 0.1640625
2 0.66328125 0.178125 0.03046875 0.040625
2 0.18359375 0.20390625 0.0390625 0.05859375
2 0.0125 0.51796875 0.0203125 0.06953125
2 0.428125 0.1046875 0.01328125 0.03359375
2 0.39140625 0.55390625 0.0484375 0.134375
2 0.7796875 0.17109375 0.0390625 0.0453125
2 0.58046875 0.19453125 0.03984375 0.04609375
2 0.30859375 0.22734375 0.04140625 0.05078125
2 0.52109375 0.2234375 0.03359375 0.046875
2 0.39921875 0.11796875 0.01328125 0.03203125
2 0.43828125 0.21015625 0.03984375 0.04453125
2 0.39296875 0.19609375 0.040625 0.0515625
2 0.65078125 0.253125 0.05625 0.059375