1 0.215625 0.19375 0.06484375 0.059375
1 0.81328125 0.26875 0.12578125 0.08828125
1 0.50078125 0.859375 0.14609375 0.2796875
1 0.58203125 0.21328125 0.1046875 0.08125
1 0.640625 0.18203125 0.053125 0.065625
1 0.28125 0.1703125 0.096875 0.0609375
1 0.3125 0.21640625 0.08984375 0.078125
1 0.10625 0.825 0.20390625 0.34609375
1 0.0375 0.24453125 0.06328125 0.08125
1 0.5140625 0.23125 0.09140625 0.0703125
1 0.8546875 0.24609375 0.09609375 0.07421875
1 0.571875 0.1578125 0.05859375 0.05859375
0 0.7578125 0.17109375 0.18984375 0.13046875
0 0.0953125 0.17109375 0.190625 0.1265625
2 0.2671875 0.54609375 0.05703125 0.1
2 0.66640625 0.54453125 0.04375 0.11875
2 0.33203125 0.49453125 0.03828125 0.0953125
2 0.43125 0.2578125 0.0515625 0.06171875
2 0.78125 0.29453125 0.05703125 0.0609375
2 0.31875 0.75625 0.05703125 0.1609375
2 0.5171875 0.25859375 0.0421875 0.04609375
2 0.57265625 0.5421875 0.034375 0.11015625
2 0.58359375 0.26953125 0.04453125 0.05390625
2 0.50234375 0.528125 0.04375 0.12109375
2 0.24296875 0.91171875 0.06640625 0.175
2 0.52109375 0.15703125 0.01953125 0.03515625
2 0.33828125 0.86640625 0.0640625 0.20703125
2 0.678125 0.21796875 0.03828125 0.04375
2 0.59765625 0.1234375 0.0125 0.02890625
2 0.38515625 0.75078125 0.05546875 0.190625
2 0.3375 0.2359375 0.03671875 0.04609375
2 0.73828125 0.23828125 0.03671875 0.04296875
2 0.4484375 0.215625 0.04140625 0.04453125
2 0.07578125 0.221875 0.0265625 0.04296875