1 0.4796875 0.93828125 0.1875 0.12109375
1 0.32109375 0.18203125 0.09140625 0.0703125
1 0.503125 0.18828125 0.084375 0.06015625
1 0.725 0.1859375 0.08359375 0.07109375
1 0.58203125 0.14375 0.07109375 0.04921875
3 0.646875 0.065625 0.0765625 0.0515625
3 0.72734375 0.07421875 0.0375 0.06015625
3 0.9171875 0.39921875 0.03203125 0.1296875
3 0.54375 0.08984375 0.03515625 0.05390625
3 0.921875 0.2890625 0.028125 0.046875
0 0.16875 0.1875 0.20390625 0.14375
2 0.41328125 0.24140625 0.04296875 0.0546875
2 0.69921875 0.27734375 0.05234375 0.053125
2 0.60859375 0.23828125 0.04375 0.05703125
2 0.06484375 0.19609375 0.0328125 0.05390625
2 0.3640625 0.221875 0.040625 0.04609375
2 0.8359375 0.2609375 0.05390625 0.06015625
2 0.54921875 0.22578125 0.04453125 0.0609375
2 0.7 0.20390625 0.0359375 0.04453125
2 0.73828125 0.93203125 0.065625 0.13359375
2 0.01171875 0.18671875 0.0234375 0.0484375
2 0.44140625 0.14453125 0.01328125 0.0359375
2 0.48515625 0.22890625 0.04375 0.059375
2 0.4203125 0.18046875 0.03359375 0.04140625
2 0.48125 0.1421875 0.0125 0.034375
2 0.75 0.2640625 0.05078125 0.053125
2 0.5109375 0.14296875 0.01328125 0.03203125
2 0.2703125 0.7546875 0.05390625 0.1796875
2 0.1921875 0.7453125 0.06328125 0.16328125
2 0.39765625 0.159375 0.0171875 0.03203125
2 0.8015625 0.23125 0.03671875 0.0484375
2 0.64921875 0.17734375 0.021875 0.034375
2 0.8046875 0.1609375 0.02265625 0.04140625
2 0.66171875 0.10703125 0.01171875 0.025
2 0.875 0.240625 0.02734375 0.04609375
2 0.22109375 0.92421875 0.06875 0.14921875
2 0.465625 0.1265625 0.00859375 0.028125
2 0.96171875 0.275 0.05390625 0.0484375
2 0.37578125 0.18125 0.02734375 0.040625
2 0.50078125 0.14375 0.01484375 0.028125