1 0.54765625 0.21484375 0.1 0.0796875
1 0.18984375 0.19453125 0.07265625 0.059375
1 0.81171875 0.24453125 0.109375 0.075
1 0.7640625 0.26796875 0.11796875 0.0859375
1 0.50078125 0.8609375 0.1453125 0.27578125
1 0.03203125 0.23671875 0.06328125 0.078125
1 0.29140625 0.21484375 0.09140625 0.071875
1 0.26171875 0.171875 0.09609375 0.06171875
1 0.628125 0.18125 0.03359375 0.05859375
1 0.728125 0.83359375 0.16875 0.26171875
1 0.10703125 0.8265625 0.2015625 0.340625
1 0.4765625 0.2328125 0.08828125 0.07109375
1 0.565625 0.15703125 0.05390625 0.05546875
1 0.69140625 0.7109375 0.14921875 0.21015625
1 0.9734375 0.21796875 0.05234375 0.07578125
1 0.45 0.17578125 0.03828125 0.0484375
0 0.734375 0.17265625 0.18515625 0.1234375
0 0.0796875 0.1703125 0.159375 0.125
2 0.26484375 0.55 0.053125 0.1
2 0.696875 0.2859375 0.05078125 0.06640625
2 0.33203125 0.49375 0.03828125 0.10078125
2 0.3734375 0.2546875 0.04140625 0.059375
2 0.5265625 0.26171875 0.0421875 0.05859375
2 0.6734375 0.55 0.04609375 0.11640625
2 0.5734375 0.5421875 0.03359375 0.11796875
2 0.31875 0.75859375 0.05703125 0.165625
2 0.3375 0.87109375 0.06171875 0.175
2 0.24296875 0.91171875 0.06640625 0.171875
2 0.47109375 0.25234375 0.03984375 0.04921875
2 0.5015625 0.53046875 0.04296875 0.1203125
2 0.97265625 0.32109375 0.05390625 0.06015625
2 0.66171875 0.221875 0.034375 0.03984375
2 0.384375 0.76796875 0.0546875 0.16796875
2 0.29375 0.22265625 0.03671875 0.06171875
2 0.503125 0.15703125 0.01875 0.03515625
2 0.603125 0.20703125 0.02890625 0.04453125