1 0.4828125 0.640625 0.12109375 0.25625
1 0.48828125 0.384375 0.065625 0.11484375
1 0.60234375 0.121875 0.01796875 0.025
1 0.2 0.19296875 0.06484375 0.07890625
1 0.5484375 0.1734375 0.0375 0.06328125
3 0.54296875 0.11328125 0.0359375 0.05390625
3 0.7265625 0.10078125 0.03671875 0.05859375
3 0.91640625 0.4234375 0.03046875 0.1296875
3 0.64609375 0.0921875 0.07578125 0.05078125
3 0.9203125 0.3140625 0.02734375 0.046875
3 0.8296875 0.12890625 0.009375 0.02578125
3 0.4859375 0.10625 0.0765625 0.0484375
2 0.0671875 0.5203125 0.06796875 0.0984375
2 0.51484375 0.15390625 0.01015625 0.03125
2 0.3828125 0.31796875 0.01953125 0.06484375
2 0.32890625 0.15703125 0.0125 0.03515625
2 0.8046875 0.184375 0.02265625 0.04375
2 0.39765625 0.18125 0.01875 0.03984375
2 0.49609375 0.18203125 0.0140625 0.028125
4 0.10234375 0.21171875 0.14609375 0.19921875
4 0.74375 0.62890625 0.32265625 0.70078125
4 0.85625 0.33203125 0.06484375 0.1453125