1 0.18359375 0.18203125 0.08125 0.0609375
1 0.5390625 0.59375 0.11171875 0.234375
1 0.5015625 0.20390625 0.08203125 0.0609375
1 0.78984375 0.828125 0.23828125 0.34140625
1 0.5015625 0.8984375 0.1734375 0.2015625
1 0.6171875 0.17265625 0.07734375 0.0640625
2 0.58984375 0.24296875 0.05234375 0.05390625
2 0.34921875 0.25078125 0.04140625 0.06328125
2 0.4703125 0.2546875 0.03984375 0.04609375
2 0.80703125 0.23359375 0.04453125 0.04921875
2 0.1921875 0.2265625 0.05859375 0.053125
2 0.1328125 0.22265625 0.03046875 0.04375
2 0.76640625 0.21640625 0.04140625 0.06328125
2 0.725 0.21640625 0.03984375 0.0453125
2 0.2765625 0.22578125 0.04921875 0.06171875
2 0.59609375 0.50078125 0.03671875 0.11484375
2 0.28828125 0.13046875 0.021875 0.02890625
2 0.328125 0.1484375 0.034375 0.03359375
2 0.640625 0.12421875 0.01953125 0.0296875
2 0.67578125 0.19609375 0.03515625 0.04375
2 0.62265625 0.21328125 0.0375 0.04375
2 0.2671875 0.11953125 0.02109375 0.025
2 0.0859375 0.215625 0.03828125 0.05078125
2 0.5171875 0.14765625 0.01953125 0.03828125
2 0.62109375 0.10546875 0.01171875 0.0234375
2 0.40078125 0.23125 0.0328125 0.05078125
2 0.384375 0.61640625 0.03515625 0.10859375
2 0.16015625 0.12578125 0.02578125 0.0265625