1 0.1890625 0.19375 0.0734375 0.05859375
1 0.54609375 0.21484375 0.10078125 0.0796875
1 0.76015625 0.26796875 0.11953125 0.08671875
1 0.809375 0.2453125 0.10859375 0.07421875
1 0.50078125 0.8609375 0.14609375 0.27578125
1 0.03125 0.23828125 0.0625 0.07578125
1 0.728125 0.83359375 0.16953125 0.26015625
1 0.28984375 0.2140625 0.09140625 0.07109375
1 0.10703125 0.8265625 0.20234375 0.340625
1 0.62734375 0.18125 0.03203125 0.05859375
1 0.259375 0.17109375 0.09609375 0.06328125
1 0.475 0.23203125 0.08828125 0.0703125
1 0.69140625 0.71171875 0.15 0.21171875
1 0.56484375 0.1578125 0.053125 0.0546875
0 0.73359375 0.1734375 0.18671875 0.12421875
0 0.07890625 0.17109375 0.1578125 0.1203125
2 0.26640625 0.55 0.05703125 0.1
2 0.67421875 0.55 0.04609375 0.11640625
2 0.5734375 0.5421875 0.03359375 0.11796875
2 0.69140625 0.2828125 0.0515625 0.0734375
2 0.36953125 0.25703125 0.040625 0.0546875
2 0.33203125 0.49140625 0.03828125 0.1046875
2 0.46640625 0.253125 0.040625 0.04609375
2 0.31796875 0.74765625 0.05703125 0.18203125
2 0.52265625 0.265625 0.0421875 0.05078125
2 0.24296875 0.91171875 0.06640625 0.171875
2 0.50234375 0.15625 0.01875 0.03671875
2 0.33828125 0.871875 0.06171875 0.17890625
2 0.5015625 0.53125 0.04296875 0.12109375
2 0.38515625 0.75546875 0.05546875 0.19140625
2 0.97109375 0.31953125 0.05625 0.06171875
2 0.66328125 0.221875 0.03828125 0.040625
2 0.28984375 0.228125 0.0375 0.0515625
2 0.60234375 0.20703125 0.02734375 0.04375