1 0.23828125 0.19140625 0.05078125 0.05
1 0.48359375 0.4421875 0.078125 0.125
1 0.0484375 0.32578125 0.096875 0.1265625
1 0.5375 0.190625 0.03359375 0.05
1 0.5171875 0.31796875 0.05234375 0.109375
1 0.58203125 0.20078125 0.04375 0.0703125
3 0.9171875 0.43984375 0.03046875 0.1296875
3 0.646875 0.10859375 0.07734375 0.059375
3 0.5859375 0.01328125 0.02578125 0.01484375
3 0.92109375 0.43203125 0.0453125 0.25703125
0 0.72109375 0.41875 0.14375 0.26875
2 0.28515625 0.18671875 0.01328125 0.03515625
2 0.75703125 0.1734375 0.0234375 0.03125
2 0.73671875 0.6828125 0.05234375 0.13046875
2 0.2109375 0.18828125 0.015625 0.03828125
2 0.50078125 0.18515625 0.01015625 0.028125
2 0.4078125 0.209375 0.01484375 0.03359375
2 0.6046875 0.3046875 0.0203125 0.06328125
2 0.521875 0.246875 0.0140625 0.03359375
2 0.6875 0.16171875 0.0171875 0.02890625
2 0.45234375 0.3390625 0.01484375 0.06015625
2 0.56953125 0.28984375 0.021875 0.06328125
2 0.80546875 0.2015625 0.02265625 0.04296875
2 0.59453125 0.13671875 0.00859375 0.02421875