1 0.08671875 0.13515625 0.08671875 0.05703125
1 0.47734375 0.76875 0.13984375 0.30546875
1 0.02421875 0.140625 0.04765625 0.0546875
3 0.540625 0.071875 0.03515625 0.0546875
3 0.64453125 0.04921875 0.07421875 0.04921875
3 0.91328125 0.38203125 0.03125 0.13125
3 0.9078125 0.484375 0.02578125 0.040625
3 0.91796875 0.2734375 0.028125 0.04609375
0 0.7421875 0.65234375 0.34921875 0.69140625
2 0.3421875 0.7578125 0.0546875 0.20078125
2 0.2046875 0.68828125 0.0546875 0.16171875
2 0.1546875 0.215625 0.03671875 0.05390625
2 0.44375 0.11953125 0.0171875 0.040625
2 0.2578125 0.74375 0.0578125 0.16171875
2 0.6453125 0.253125 0.053125 0.059375
2 0.60234375 0.16875 0.0265625 0.040625
2 0.44296875 0.25625 0.04453125 0.053125
2 0.540625 0.240625 0.04765625 0.05390625
2 0.24140625 0.18125 0.03984375 0.0453125
2 0.05625 0.19453125 0.0359375 0.04375
2 0.815625 0.175 0.0375 0.0515625
2 0.12421875 0.59296875 0.053125 0.15078125
2 0.30390625 0.2265625 0.04140625 0.0546875
2 0.08515625 0.17890625 0.034375 0.053125
2 0.7765625 0.171875 0.03828125 0.0453125
2 0.0171875 0.178125 0.034375 0.05625
2 0.3109375 0.58203125 0.04921875 0.11796875
2 0.1234375 0.1734375 0.03359375 0.053125
2 0.18203125 0.20625 0.03828125 0.05546875
2 0.0140625 0.51796875 0.02265625 0.06953125
2 0.65859375 0.17734375 0.03125 0.04140625
2 0.784375 0.13046875 0.03046875 0.03125
2 0.384375 0.19609375 0.0484375 0.05390625
2 0.42890625 0.1046875 0.01328125 0.03359375
2 0.39140625 0.55390625 0.0484375 0.134375
2 0.646875 0.2125 0.0453125 0.0734375
2 0.43359375 0.209375 0.03984375 0.0453125
2 0.084375 0.93125 0.0765625 0.13515625
2 0.725 0.16953125 0.03203125 0.0453125
2 0.31015625 0.15625 0.03515625 0.05859375
2 0.39921875 0.11796875 0.01328125 0.03359375
2 0.57734375 0.19453125 0.040625 0.0453125
2 0.509375 0.20625 0.03828125 0.05
2 0.36171875 0.21171875 0.04375 0.05078125
2 0.746875 0.20546875 0.04921875 0.05078125