1 0.18359375 0.3609375 0.11484375 0.10390625
1 0.15234375 0.1765625 0.0671875 0.0484375
1 0.778125 0.22421875 0.0890625 0.0546875
1 0.4203125 0.1953125 0.06015625 0.04609375
1 0.865625 0.20859375 0.075 0.04609375
1 0.3203125 0.18046875 0.05078125 0.046875
1 0.48515625 0.96953125 0.15390625 0.059375
1 0.6046875 0.19296875 0.09765625 0.05625
3 0.734375 0.134375 0.0375 0.05859375
3 0.65546875 0.12734375 0.075 0.05078125
3 0.92734375 0.4578125 0.03046875 0.13046875
3 0.4953125 0.14140625 0.075 0.04921875
3 0.5515625 0.14921875 0.03515625 0.05390625
3 0.59453125 0.03125 0.02421875 0.01171875
3 0.93125 0.34765625 0.02734375 0.0453125
2 0.278125 0.8109375 0.05390625 0.18125
2 0.6875 0.4078125 0.05859375 0.0640625
2 0.528125 0.8203125 0.06484375 0.1890625
2 0.40859375 0.465625 0.028125 0.08046875
2 0.5890625 0.82109375 0.0484375 0.153125
2 0.2171875 0.171875 0.02109375 0.0390625
2 0.265625 0.19296875 0.02734375 0.034375
2 0.3828125 0.5640625 0.03515625 0.09921875
2 0.6640625 0.20546875 0.03046875 0.0484375
2 0.49296875 0.1859375 0.02578125 0.040625
2 0.46953125 0.5515625 0.04609375 0.096875
2 0.80078125 0.24765625 0.025 0.03984375
2 0.5265625 0.5578125 0.03671875 0.096875
2 0.70546875 0.84921875 0.06640625 0.1953125
2 0.1984375 0.78984375 0.0640625 0.14296875
2 0.6609375 0.93125 0.075 0.13515625
2 0.2046875 0.8828125 0.06328125 0.153125
2 0.7203125 0.7265625 0.05234375 0.115625
2 0.2890625 0.178125 0.0171875 0.0296875
2 0.646875 0.81328125 0.04921875 0.14921875
2 0.08203125 0.87578125 0.06171875 0.13515625