1 0.25078125 0.18984375 0.05078125 0.0484375
1 0.4765625 0.509375 0.0859375 0.14609375
1 0.06171875 0.31171875 0.10703125 0.12109375
1 0.5328125 0.20078125 0.0328125 0.053125
1 0.57578125 0.21640625 0.04765625 0.0734375
3 0.646875 0.11171875 0.07578125 0.05390625
3 0.72734375 0.11953125 0.0375 0.05859375
3 0.91796875 0.44296875 0.03203125 0.1296875
3 0.5859375 0.015625 0.02578125 0.01640625
0 0.70390625 0.45546875 0.1328125 0.29453125
2 0.50703125 0.27109375 0.0140625 0.04140625
2 0.29765625 0.18203125 0.0125 0.03359375
2 0.75625 0.771875 0.05546875 0.14609375
2 0.440625 0.37421875 0.01640625 0.06328125
2 0.4125 0.209375 0.01484375 0.03359375
2 0.70625 0.17109375 0.01796875 0.025
2 0.80546875 0.20546875 0.02265625 0.04375
2 0.2296875 0.18515625 0.01328125 0.03515625
2 0.58828125 0.14453125 0.00859375 0.02109375
2 0.59921875 0.33671875 0.01796875 0.05625
2 0.490625 0.19921875 0.01171875 0.028125
2 0.3984375 0.19921875 0.01796875 0.040625
2 0.40546875 0.12421875 0.00859375 0.0203125
2 0.56484375 0.3125 0.02265625 0.06796875