1 0.2140625 0.19375 0.06640625 0.059375
1 0.81015625 0.26875 0.12421875 0.08671875
1 0.50078125 0.859375 0.1453125 0.2796875
1 0.58125 0.21328125 0.10546875 0.08125
1 0.3109375 0.2125 0.08984375 0.06953125
1 0.28046875 0.1703125 0.096875 0.0609375
1 0.51171875 0.23125 0.090625 0.06953125
1 0.03671875 0.24453125 0.06171875 0.08359375
1 0.10625 0.825 0.20390625 0.34609375
1 0.63984375 0.18203125 0.05234375 0.06640625
1 0.853125 0.246875 0.09921875 0.0734375
1 0.57109375 0.159375 0.05859375 0.06171875
0 0.7578125 0.1703125 0.19140625 0.13125
0 0.09375 0.1703125 0.18671875 0.128125
2 0.2671875 0.546875 0.05703125 0.10078125
2 0.6671875 0.5453125 0.04453125 0.11875
2 0.33203125 0.49140625 0.03828125 0.1015625
2 0.51328125 0.25703125 0.04140625 0.0484375
2 0.31875 0.75625 0.05703125 0.16015625
2 0.50234375 0.528125 0.04375 0.12109375
2 0.24296875 0.9109375 0.06640625 0.17578125
2 0.57265625 0.54140625 0.034375 0.1109375
2 0.5796875 0.26875 0.04453125 0.053125
2 0.4265625 0.25625 0.0515625 0.06484375
2 0.51953125 0.15859375 0.0203125 0.03359375
2 0.33828125 0.86953125 0.06484375 0.1953125
2 0.334375 0.23671875 0.0375 0.0453125
2 0.73671875 0.23828125 0.0375 0.04375
2 0.6765625 0.21796875 0.03828125 0.04140625
2 0.775 0.29140625 0.05859375 0.06484375
2 0.07265625 0.22265625 0.02890625 0.04375
2 0.38515625 0.75078125 0.05546875 0.190625