1 0.4765625 0.515625 0.08671875 0.14921875
1 0.2515625 0.18984375 0.05078125 0.0484375
1 0.06328125 0.3109375 0.10703125 0.12109375
1 0.53203125 0.2015625 0.0328125 0.053125
1 0.575 0.21875 0.0484375 0.07421875
3 0.64765625 0.11171875 0.075 0.0515625
3 0.72734375 0.11953125 0.0375 0.05859375
3 0.91796875 0.44296875 0.03203125 0.12890625
3 0.5859375 0.01640625 0.02578125 0.015625
0 0.70234375 0.45859375 0.13125 0.29609375
2 0.50546875 0.271875 0.015625 0.04375
2 0.75625 0.778125 0.05234375 0.14921875
2 0.29921875 0.18203125 0.01328125 0.03359375
2 0.70859375 0.171875 0.01796875 0.025
2 0.784375 0.18125 0.02578125 0.03046875
2 0.8046875 0.2046875 0.02265625 0.04453125
2 0.59921875 0.3375 0.01875 0.05859375
2 0.41328125 0.209375 0.01484375 0.03359375
2 0.48984375 0.2 0.01015625 0.028125
2 0.32734375 0.18671875 0.01953125 0.03515625
2 0.5875 0.1453125 0.009375 0.021875
2 0.440625 0.375 0.01953125 0.0703125
2 0.3984375 0.2 0.01796875 0.040625
2 0.56328125 0.31484375 0.02109375 0.06640625
4 0.9296875 0.25703125 0.13984375 0.20703125