1 0.48984375 0.88359375 0.16015625 0.23125
1 0.50390625 0.43203125 0.07734375 0.134375
1 0.60078125 0.1640625 0.03203125 0.0515625
1 0.55859375 0.20546875 0.046875 0.0703125
0 0.7296875 0.50078125 0.17734375 0.52578125
2 0.38828125 0.234375 0.01796875 0.03828125
2 0.41796875 0.33984375 0.02109375 0.05703125
2 0.540625 0.55859375 0.04140625 0.12109375
2 0.30390625 0.14609375 0.02421875 0.025
2 0.14296875 0.1328125 0.02109375 0.02890625
2 0.37265625 0.309375 0.01953125 0.05078125
2 0.24453125 0.140625 0.0234375 0.0265625
2 0.17734375 0.13828125 0.01953125 0.0265625
2 0.46328125 0.334375 0.01640625 0.05
2 0.178125 0.39140625 0.046875 0.06640625
2 0.21484375 0.1265625 0.01953125 0.02578125
2 0.97421875 0.390625 0.05 0.0859375
2 0.47578125 0.215625 0.01328125 0.03671875
2 0.49375 0.2515625 0.0140625 0.03984375
2 0.6953125 0.16328125 0.0125 0.03359375
2 0.04453125 0.503125 0.08046875 0.0796875
2 0.0140625 0.18359375 0.028125 0.0359375
2 0.1296875 0.49140625 0.05703125 0.109375
2 0.47421875 0.128125 0.0109375 0.0296875
2 0.52109375 0.18359375 0.0125 0.02890625
2 0.42578125 0.290625 0.01953125 0.04296875
2 0.796875 0.1921875 0.02734375 0.03203125