1 0.4765625 0.76953125 0.13984375 0.30625
1 0.0375 0.13359375 0.07421875 0.05546875
3 0.91328125 0.384375 0.03203125 0.13125
3 0.5390625 0.0734375 0.03515625 0.05390625
3 0.64375 0.0515625 0.07578125 0.05
3 0.91796875 0.27421875 0.02734375 0.046875
3 0.9078125 0.48515625 0.025 0.040625
3 0.48203125 0.06640625 0.075 0.04921875
0 0.74453125 0.653125 0.35546875 0.690625
2 0.3421875 0.759375 0.05625 0.19921875
2 0.1453125 0.19609375 0.03359375 0.06484375
2 0.3953125 0.10859375 0.01171875 0.0390625
2 0.64140625 0.16015625 0.02421875 0.04453125
2 0.2609375 0.2046875 0.04140625 0.0484375
2 0.2609375 0.734375 0.03671875 0.1234375
2 0.85234375 0.1984375 0.0484375 0.046875
2 0.4828125 0.2484375 0.05390625 0.05703125
2 0.69921875 0.16640625 0.04375 0.05
2 0.56328125 0.190625 0.0421875 0.05390625
2 0.19453125 0.2171875 0.04296875 0.06171875
2 0.06875 0.53046875 0.06328125 0.10078125
2 0.17578125 0.9234375 0.06484375 0.15078125
2 0.4328125 0.10859375 0.01796875 0.04609375
2 0.01953125 0.171875 0.03515625 0.05859375
2 0.34921875 0.24375 0.04296875 0.0515625
2 0.38671875 0.23125 0.04609375 0.053125
2 0.58359375 0.15546875 0.021875 0.03828125
2 0.57109375 0.16328125 0.02421875 0.04140625
2 0.08359375 0.19296875 0.03359375 0.04453125
2 0.05859375 0.20390625 0.034375 0.0515625
2 0.39140625 0.55546875 0.0484375 0.13359375
2 0.3015625 0.1859375 0.02734375 0.0453125
2 0.32421875 0.134375 0.01171875 0.03359375
2 0.2859375 0.18671875 0.03203125 0.05390625
2 0.334375 0.20234375 0.03359375 0.04375
2 0.53828125 0.1625 0.02734375 0.05078125
2 0.78515625 0.12734375 0.02890625 0.03984375
2 0.13984375 0.815625 0.06953125 0.1953125