1 0.47734375 0.76953125 0.13984375 0.30546875
1 0.07578125 0.1359375 0.0875 0.05703125
3 0.64453125 0.05078125 0.07421875 0.0484375
3 0.53984375 0.0734375 0.03515625 0.0546875
3 0.91328125 0.38359375 0.03125 0.13203125
3 0.91875 0.27421875 0.02734375 0.0453125
3 0.48359375 0.065625 0.075 0.0484375
3 0.72421875 0.05859375 0.03671875 0.05546875
0 0.7421875 0.653125 0.34921875 0.690625
2 0.2390625 0.78671875 0.06328125 0.16484375
2 0.3421875 0.759375 0.05546875 0.2
2 0.103125 0.628125 0.05625 0.16171875
2 0.7 0.20234375 0.0484375 0.053125
2 0.13125 0.21328125 0.0359375 0.0546875
2 0.3984375 0.11796875 0.0125 0.03203125
2 0.6046875 0.2515625 0.05546875 0.06171875
2 0.278125 0.22734375 0.04140625 0.053125
2 0.2171875 0.18203125 0.040625 0.04453125
2 0.33671875 0.21171875 0.04375 0.04921875
2 0.58671875 0.165625 0.02578125 0.04140625
2 0.42109375 0.2515625 0.04375 0.05859375
2 0.44140625 0.11953125 0.01484375 0.03828125
2 0.503125 0.240625 0.04609375 0.053125
2 0.06953125 0.17890625 0.03515625 0.053125
2 0.17578125 0.20859375 0.03359375 0.04921875
2 0.75234375 0.16953125 0.03203125 0.046875
2 0.78515625 0.13125 0.02890625 0.03359375
2 0.63359375 0.17578125 0.03359375 0.04296875
2 0.28984375 0.16328125 0.025 0.03984375
2 0.034375 0.19375 0.03671875 0.0453125
2 0.3640625 0.19921875 0.03984375 0.04375
2 0.7875 0.175 0.03671875 0.0484375
2 0.30546875 0.14296875 0.02734375 0.034375
2 0.615625 0.18515625 0.0328125 0.040625
2 0.42734375 0.1046875 0.0109375 0.03125
2 0.39140625 0.55546875 0.0484375 0.13515625
2 0.02265625 0.49375 0.0453125 0.121875
2 0.296875 0.6078125 0.04765625 0.134375
2 0.55703125 0.19375 0.03984375 0.0515625
2 0.19140625 0.715625 0.05703125 0.16953125