1 0.4796875 0.93828125 0.1875 0.12109375
1 0.31640625 0.18046875 0.09296875 0.06796875
1 0.71796875 0.18359375 0.07734375 0.06875
1 0.57890625 0.14375 0.07109375 0.05078125
1 0.49453125 0.1875 0.078125 0.06015625
3 0.9171875 0.3984375 0.03203125 0.1296875
3 0.54375 0.0890625 0.034375 0.053125
3 0.92109375 0.2890625 0.028125 0.04609375
3 0.9109375 0.49921875 0.02578125 0.04296875
0 0.15859375 0.1859375 0.19453125 0.14296875
2 0.59453125 0.23671875 0.04375 0.05625
2 0.4015625 0.2390625 0.0421875 0.0546875
2 0.79140625 0.4171875 0.0359375 0.0765625
2 0.353125 0.21953125 0.03984375 0.0484375
2 0.440625 0.14375 0.01328125 0.0359375
2 0.471875 0.23046875 0.04140625 0.0515625
2 0.53671875 0.228125 0.04296875 0.053125
2 0.73203125 0.2625 0.05 0.053125
2 0.053125 0.19609375 0.03359375 0.05078125
2 0.81875 0.2609375 0.0546875 0.05625
2 0.415625 0.17890625 0.034375 0.04296875
2 0.6828125 0.27578125 0.0515625 0.0546875
2 0.73984375 0.94453125 0.06796875 0.109375
2 0.4640625 0.12265625 0.009375 0.03203125
2 0.22109375 0.925 0.06875 0.1484375
2 0.640625 0.17734375 0.02890625 0.03828125
2 0.47890625 0.13828125 0.0125 0.0390625
2 0.76640625 0.209375 0.03359375 0.03984375
2 0.78828125 0.23203125 0.034375 0.046875
2 0.1921875 0.73671875 0.06328125 0.146875
2 0.0484375 0.96484375 0.0609375 0.06875
2 0.365625 0.17578125 0.0375 0.05078125
2 0.66171875 0.10546875 0.01171875 0.02890625
2 0.80546875 0.159375 0.0234375 0.04140625
2 0.69375 0.20234375 0.03671875 0.04375
2 0.2578125 0.20625 0.01328125 0.04453125
2 0.86875 0.2390625 0.03984375 0.05078125
2 0.19921875 0.82421875 0.06328125 0.14609375
2 0.478125 0.215625 0.0453125 0.06328125
2 0.27109375 0.75390625 0.053125 0.18046875
2 0.0078125 0.18828125 0.01484375 0.04296875