1 0.0671875 0.1359375 0.08828125 0.05625
1 0.4765625 0.76953125 0.13984375 0.3046875
3 0.91328125 0.38359375 0.03125 0.13203125
3 0.64453125 0.0515625 0.075 0.04921875
3 0.91796875 0.27421875 0.028125 0.046875
3 0.53984375 0.0734375 0.03515625 0.0546875
0 0.7421875 0.653125 0.34921875 0.68984375
2 0.3421875 0.759375 0.05546875 0.19921875
2 0.22578125 0.815625 0.06328125 0.16875
2 0.67265625 0.2015625 0.04375 0.05
2 0.115625 0.21171875 0.034375 0.053125
2 0.20234375 0.18203125 0.03984375 0.04453125
2 0.6890625 0.1703125 0.02734375 0.04296875
2 0.01953125 0.19296875 0.0390625 0.04609375
2 0.03125 0.52421875 0.05078125 0.06640625
2 0.76875 0.1734375 0.0375 0.04921875
2 0.40625 0.24921875 0.04375 0.05625
2 0.06015625 0.178125 0.03515625 0.053125
2 0.1703125 0.2078125 0.03203125 0.04921875
2 0.3203125 0.21015625 0.04296875 0.05
2 0.29765625 0.14375 0.0328125 0.0359375
2 0.61953125 0.1734375 0.03203125 0.046875
2 0.08828125 0.65546875 0.06015625 0.16953125
2 0.57890625 0.25078125 0.05625 0.0609375
2 0.59609375 0.17890625 0.03671875 0.046875
2 0.39765625 0.1171875 0.01171875 0.03203125
2 0.09921875 0.1734375 0.03203125 0.04921875
2 0.784375 0.13125 0.03046875 0.034375
2 0.73984375 0.16875 0.03046875 0.04609375
2 0.321875 0.134375 0.01328125 0.0359375
2 0.27578125 0.16328125 0.01875 0.03984375
2 0.440625 0.11875 0.01328125 0.03828125
2 0.28359375 0.64296875 0.034375 0.1109375
2 0.34765625 0.196875 0.0375 0.0453125
2 0.57578125 0.16328125 0.02265625 0.0390625
2 0.39140625 0.55625 0.04765625 0.134375
2 0.59140625 0.215625 0.03203125 0.06328125
2 0.18125 0.75078125 0.05703125 0.14140625
2 0.26171875 0.22734375 0.040625 0.05078125
2 0.47890625 0.23828125 0.04609375 0.05390625