1 0.48203125 0.9265625 0.19296875 0.1453125
1 0.35546875 0.19921875 0.12578125 0.075
1 0.29296875 0.14140625 0.05234375 0.05703125
1 0.64609375 0.1765625 0.08828125 0.06484375
3 0.72734375 0.05078125 0.03828125 0.0609375
3 0.9171875 0.37578125 0.03203125 0.1296875
3 0.646875 0.0421875 0.07734375 0.05078125
3 0.921875 0.26640625 0.0265625 0.04609375
2 0.446875 0.2375 0.04609375 0.0546875
2 0.52421875 0.7546875 0.0578125 0.1484375
2 0.81484375 0.259375 0.05390625 0.06015625
2 0.23984375 0.2125 0.046875 0.065625
2 0.640625 0.2453125 0.05078125 0.05390625
2 0.35234375 0.2234375 0.04140625 0.05546875
2 0.49921875 0.23046875 0.04375 0.05390625
2 0.69375 0.2328125 0.0484375 0.0546875
2 0.76484375 0.22421875 0.04453125 0.04921875
2 0.6 0.221875 0.03984375 0.04921875
2 0.171875 0.19140625 0.03671875 0.05390625
2 0.63359375 0.13125 0.0203125 0.025
2 0.13359375 0.86640625 0.0671875 0.2140625
2 0.584375 0.73671875 0.05546875 0.146875
2 0.19765625 0.36171875 0.034375 0.08359375
2 0.965625 0.26015625 0.06015625 0.0890625
2 0.87265625 0.2390625 0.0296875 0.04140625
2 0.61953125 0.09609375 0.01015625 0.02578125
2 0.41328125 0.0734375 0.01640625 0.0296875
2 0.03671875 0.9125 0.06640625 0.1734375
2 0.0203125 0.7796875 0.040625 0.140625
2 0.44921875 0.159375 0.015625 0.0453125
2 0.66171875 0.08203125 0.01171875 0.0265625
2 0.59375 0.91015625 0.05703125 0.178125
2 0.3125 0.2125 0.0390625 0.05078125
2 0.2 0.8 0.06328125 0.14453125
2 0.671875 0.146875 0.02421875 0.03203125
2 0.6171875 0.1890625 0.034375 0.04140625
2 0.27109375 0.73125 0.05234375 0.17890625
2 0.70390625 0.19609375 0.0421875 0.04609375
4 0.375 0.1421875 0.115625 0.103125