1 0.16796875 0.36796875 0.11875 0.109375
1 0.1390625 0.17421875 0.06640625 0.0484375
1 0.76796875 0.22265625 0.08984375 0.0546875
1 0.3140625 0.178125 0.06484375 0.0484375
1 0.41171875 0.19140625 0.0453125 0.046875
1 0.59375 0.190625 0.09765625 0.059375
1 0.4859375 0.96875 0.1546875 0.0609375
1 0.85703125 0.20546875 0.08515625 0.04609375
1 0.9890625 0.2125 0.02109375 0.04140625
3 0.9265625 0.45625 0.03046875 0.12890625
3 0.65546875 0.12578125 0.07421875 0.05078125
3 0.734375 0.1328125 0.03671875 0.05625
3 0.93046875 0.34609375 0.02734375 0.0484375
3 0.5515625 0.146875 0.034375 0.053125
3 0.92109375 0.5578125 0.025 0.04140625
3 0.59453125 0.02890625 0.02421875 0.0140625
3 0.5859375 0.0296875 0.00703125 0.01328125
2 0.4796875 0.54140625 0.0421875 0.09375
2 0.71015625 0.4015625 0.05859375 0.0640625
2 0.27734375 0.80859375 0.053125 0.18046875
2 0.409375 0.4625 0.028125 0.08046875
2 0.3828125 0.56171875 0.03359375 0.1
2 0.5890625 0.81796875 0.0484375 0.1546875
2 0.528125 0.8171875 0.065625 0.18984375
2 0.7046875 0.846875 0.0671875 0.19375
2 0.64609375 0.20390625 0.0296875 0.0453125
2 0.20234375 0.17109375 0.02109375 0.0359375
2 0.7984375 0.24609375 0.02109375 0.03671875
2 0.1984375 0.790625 0.0640625 0.146875
2 0.25234375 0.1859375 0.025 0.04140625
2 0.48046875 0.18671875 0.025 0.03125
2 0.52734375 0.55546875 0.0375 0.096875
2 0.20546875 0.88046875 0.0640625 0.1484375
2 0.1078125 0.84140625 0.07734375 0.1640625
2 0.71484375 0.71015625 0.05078125 0.10703125
2 0.34375 0.92421875 0.05078125 0.14921875
2 0.271875 0.16953125 0.0171875 0.03671875
2 0.659375 0.93125 0.07734375 0.1359375