1 0.5625 0.1921875 0.04453125 0.06796875
1 0.01328125 0.3640625 0.02578125 0.08046875
1 0.5078125 0.3890625 0.0703125 0.12578125
1 0.48984375 0.85546875 0.1515625 0.28828125
1 0.6015625 0.15546875 0.0296875 0.0484375
1 0.33203125 0.1109375 0.06171875 0.04453125
0 0.7140625 0.446875 0.1546875 0.45859375
2 0.4828125 0.2859375 0.01484375 0.0453125
2 0.5703125 0.50390625 0.03359375 0.11328125
2 0.4 0.27578125 0.01796875 0.04453125
2 0.37890625 0.21484375 0.015625 0.03515625
2 0.0890625 0.12578125 0.01953125 0.03515625
2 0.17734375 0.390625 0.04921875 0.0703125
2 0.21328125 0.20390625 0.034375 0.040625
2 0.5046875 0.221875 0.01484375 0.040625
2 0.26171875 0.14453125 0.02265625 0.021875
2 0.79921875 0.91640625 0.071875 0.16484375
2 0.796875 0.190625 0.02734375 0.03671875
2 0.2046875 0.13671875 0.02890625 0.0234375
2 0.34609375 0.1484375 0.02578125 0.03046875
2 0.490625 0.19921875 0.0140625 0.03359375
2 0.1640625 0.1265625 0.01875 0.02421875
2 0.47421875 0.13125 0.01171875 0.02578125
2 0.121875 0.4953125 0.04921875 0.09609375
2 0.246875 0.1109375 0.02109375 0.02578125
2 0.13046875 0.13515625 0.02265625 0.02421875
2 0.04453125 0.5015625 0.08046875 0.08359375
2 0.44375 0.29140625 0.02265625 0.05625
2 0.01484375 0.18046875 0.02890625 0.04453125
4 0.13125 0.25703125 0.084375 0.13671875
4 0.6203125 0.31796875 0.0765625 0.125