1 0.47734375 0.75703125 0.13984375 0.30625
1 0.1671875 0.13046875 0.084375 0.0640625
1 0.11171875 0.13828125 0.08671875 0.06015625
3 0.64453125 0.0359375 0.07578125 0.04921875
3 0.9140625 0.37109375 0.03125 0.12890625
3 0.725 0.04453125 0.03671875 0.05546875
3 0.53984375 0.059375 0.03515625 0.05390625
3 0.91796875 0.2609375 0.02734375 0.04609375
3 0.9078125 0.471875 0.02578125 0.040625
3 0.4828125 0.05 0.07734375 0.05
0 0.74140625 0.64609375 0.35 0.70390625
2 0.0796875 0.1734375 0.03359375 0.0484375
2 0.1796875 0.7859375 0.07265625 0.18828125
2 0.76875 0.2234375 0.04921875 0.05625
2 0.48671875 0.225 0.04375 0.05546875
2 0.04296875 0.83203125 0.05703125 0.19921875
2 0.4625 0.11953125 0.01328125 0.03515625
2 0.3421875 0.74453125 0.0546875 0.19921875
2 0.1390625 0.1765625 0.03671875 0.05859375
2 0.60859375 0.27109375 0.05078125 0.05859375
2 0.25625 0.0828125 0.02265625 0.0265625
2 0.49140625 0.42890625 0.0578125 0.08125
2 0.82421875 0.23984375 0.053125 0.05546875
2 0.546875 0.21328125 0.046875 0.05546875
2 0.6 0.2078125 0.04140625 0.04921875
2 0.25625 0.20234375 0.03828125 0.053125
2 0.86796875 0.19609375 0.0375 0.05390625
2 0.71953125 0.20859375 0.046875 0.0515625
2 0.353125 0.546875 0.03515625 0.07421875
2 0.3453125 0.22421875 0.0421875 0.05546875
2 0.7984375 0.1703125 0.03828125 0.040625
2 0.02578125 0.1515625 0.04296875 0.0546875
2 0.7859375 0.115625 0.02890625 0.0359375
2 0.321875 0.19375 0.0296875 0.04921875
2 0.94609375 0.1625 0.02734375 0.075
2 0.39140625 0.5421875 0.05 0.134375
2 0.8421875 0.1828125 0.0390625 0.04375
2 0.31796875 0.16328125 0.0328125 0.03671875
2 0.30625 0.125 0.01953125 0.03671875
2 0.41796875 0.17421875 0.03203125 0.0453125
2 0.4125 0.11640625 0.01640625 0.03515625
2 0.03828125 0.13515625 0.028125 0.03671875
2 0.49609375 0.16953125 0.03828125 0.0453125
2 0.76640625 0.1609375 0.0328125 0.040625
2 0.07265625 0.12421875 0.0203125 0.03359375
2 0.94375 0.25546875 0.034375 0.05859375
2 0.4390625 0.209375 0.04453125 0.05390625
2 0.28046875 0.546875 0.04453125 0.13359375
2 0.7453125 0.1734375 0.0390625 0.04453125
2 0.21328125 0.18828125 0.04140625 0.05546875
2 0.00703125 0.1875 0.0140625 0.046875