1 0.1875 0.35859375 0.11484375 0.1046875
1 0.15546875 0.17734375 0.06640625 0.046875
1 0.78125 0.22578125 0.09140625 0.0546875
1 0.42265625 0.1953125 0.06328125 0.04609375
1 0.48515625 0.96953125 0.153125 0.059375
1 0.86640625 0.209375 0.07109375 0.04609375
1 0.60703125 0.1921875 0.09765625 0.0546875
1 0.32265625 0.18125 0.046875 0.046875
3 0.9265625 0.459375 0.0296875 0.1296875
3 0.59453125 0.03203125 0.02421875 0.01328125
3 0.5515625 0.15 0.03515625 0.05390625
3 0.56171875 0.03125 0.02265625 0.01484375
2 0.46640625 0.553125 0.046875 0.096875
2 0.68203125 0.409375 0.05859375 0.0640625
2 0.49609375 0.1859375 0.02421875 0.04296875
2 0.2203125 0.175 0.02265625 0.03671875
2 0.26875 0.19375 0.02578125 0.03515625
2 0.8765625 0.3859375 0.03203125 0.06796875
2 0.409375 0.46640625 0.02734375 0.07890625
2 0.38359375 0.565625 0.034375 0.09921875
2 0.58984375 0.82109375 0.04765625 0.1515625
2 0.7984375 0.24921875 0.021875 0.0390625
2 0.66796875 0.20390625 0.03046875 0.0515625
2 0.528125 0.82109375 0.065625 0.18984375
2 0.52578125 0.55859375 0.03828125 0.096875
2 0.278125 0.81171875 0.0546875 0.18046875
2 0.7046875 0.85078125 0.0671875 0.1953125
2 0.19609375 0.7921875 0.06953125 0.1453125
2 0.6609375 0.93203125 0.0765625 0.13359375
2 0.721875 0.7296875 0.0515625 0.11484375
2 0.2046875 0.8828125 0.06328125 0.153125
2 0.58828125 0.1578125 0.01171875 0.02890625
2 0.646875 0.8140625 0.05 0.1484375
2 0.29375 0.17421875 0.0203125 0.0390625