1 0.6015625 0.10390625 0.06796875 0.046875
1 0.47265625 0.8296875 0.15859375 0.3390625
1 0.88046875 0.9359375 0.2375 0.12578125
3 0.6515625 0.034375 0.07578125 0.04921875
3 0.92421875 0.365625 0.03125 0.1296875
3 0.92890625 0.25546875 0.028125 0.046875
3 0.54609375 0.0609375 0.03515625 0.0546875
3 0.4890625 0.05390625 0.07734375 0.04921875
0 0.8109375 0.07890625 0.2078125 0.1296875
2 0.1578125 0.33046875 0.0484375 0.0734375
2 0.378125 0.39140625 0.05390625 0.08671875
2 0.34609375 0.92890625 0.07109375 0.140625
2 0.08984375 0.40234375 0.07734375 0.08203125
2 0.1875 0.10078125 0.02421875 0.03828125
2 0.50234375 0.5484375 0.04296875 0.11015625
2 0.49921875 0.16875 0.03359375 0.0484375
2 0.27734375 0.3125 0.04765625 0.0640625
2 0.44765625 0.54296875 0.04140625 0.0890625
2 0.09609375 0.5015625 0.03125 0.06875
2 0.4890625 0.10390625 0.02734375 0.034375
2 0.534375 0.1796875 0.02890625 0.0515625
2 0.675 0.15546875 0.03359375 0.04453125
2 0.6125 0.16953125 0.03046875 0.046875
2 0.38203125 0.27578125 0.0453125 0.06328125
2 0.58046875 0.159375 0.03203125 0.040625
2 0.1625 0.52265625 0.02578125 0.075
2 0.24453125 0.6953125 0.06875 0.15
2 0.36328125 0.24296875 0.0375 0.05703125
2 0.49921875 0.465625 0.0375 0.09921875
2 0.54453125 0.55703125 0.0390625 0.11875
2 0.26640625 0.8359375 0.04296875 0.13046875
2 0.6796875 0.93125 0.05859375 0.1359375
2 0.2609375 0.08359375 0.0234375 0.03671875
2 0.14296875 0.09921875 0.02265625 0.0453125
2 0.15546875 0.68359375 0.10390625 0.13984375
2 0.10859375 0.09921875 0.03515625 0.04296875
2 0.60546875 0.871875 0.04765625 0.1203125
2 0.53984375 0.42734375 0.03046875 0.0859375
2 0.6625 0.11171875 0.034375 0.03671875
2 0.56796875 0.146875 0.025 0.04375
2 0.475 0.15703125 0.02578125 0.0453125
2 0.3015625 0.678125 0.06328125 0.13046875
2 0.25625 0.38203125 0.0546875 0.06484375
4 0.7265625 0.584375 0.27109375 0.528125
4 0.32890625 0.1609375 0.22890625 0.18203125