1 0.559375 0.20078125 0.0453125 0.06875
1 0.48984375 0.87109375 0.15859375 0.25546875
1 0.34609375 0.10859375 0.0546875 0.04453125
1 0.50546875 0.41953125 0.075 0.1390625
1 0.60078125 0.1609375 0.03046875 0.05078125
0 0.72421875 0.47890625 0.16953125 0.4984375
2 0.553125 0.5375 0.03984375 0.11953125
2 0.384375 0.29453125 0.01953125 0.04921875
2 0.471875 0.3125 0.01640625 0.0453125
2 0.42890625 0.31640625 0.02265625 0.05859375
2 0.178125 0.38984375 0.046875 0.0703125
2 0.4984375 0.23984375 0.01484375 0.040625
2 0.12265625 0.13203125 0.01953125 0.02578125
2 0.2296875 0.13671875 0.02578125 0.028125
2 0.3859375 0.22578125 0.0171875 0.03515625
2 0.2875 0.14375 0.02421875 0.02421875
2 0.3640625 0.14765625 0.0171875 0.03046875
2 0.19453125 0.1265625 0.01953125 0.025
2 0.48125 0.20625 0.01328125 0.040625
2 0.20390625 0.19765625 0.02890625 0.0453125
2 0.796875 0.19140625 0.02734375 0.03359375
2 0.0140625 0.18359375 0.028125 0.0359375
2 0.52890625 0.175 0.0140625 0.0296875
2 0.159375 0.13671875 0.02109375 0.0265625
2 0.4359375 0.10234375 0.0109375 0.0234375
2 0.11875 0.49296875 0.05546875 0.10390625
2 0.47421875 0.128125 0.0109375 0.0296875
2 0.04453125 0.49921875 0.08125 0.090625