1 0.4765625 0.75703125 0.13984375 0.30546875
1 0.10703125 0.13828125 0.084375 0.06015625
1 0.165625 0.13046875 0.090625 0.0640625
3 0.64375 0.03671875 0.07578125 0.04921875
3 0.9140625 0.37109375 0.03203125 0.1296875
3 0.53984375 0.059375 0.03515625 0.05390625
3 0.725 0.04453125 0.03671875 0.05625
3 0.48359375 0.0515625 0.07578125 0.0484375
3 0.91875 0.26171875 0.02890625 0.046875
0 0.74140625 0.64609375 0.35 0.70390625
2 0.278125 0.553125 0.0453125 0.13515625
2 0.03984375 0.84921875 0.05703125 0.20390625
2 0.0734375 0.17109375 0.03359375 0.0515625
2 0.3421875 0.7453125 0.05546875 0.2
2 0.85859375 0.1953125 0.04609375 0.05546875
2 0.5375 0.21171875 0.04609375 0.05546875
2 0.2625 0.08359375 0.02265625 0.025
2 0.47890625 0.4265625 0.05703125 0.0984375
2 0.809375 0.23984375 0.05234375 0.05546875
2 0.70703125 0.20546875 0.05078125 0.05703125
2 0.59921875 0.2703125 0.0515625 0.059375
2 0.4765625 0.22578125 0.04453125 0.05390625
2 0.1765625 0.79140625 0.07265625 0.1890625
2 0.75546875 0.2234375 0.05 0.05546875
2 0.1328125 0.1734375 0.03671875 0.06171875
2 0.33359375 0.2234375 0.04296875 0.05546875
2 0.271875 0.4359375 0.05546875 0.1
2 0.34609375 0.55234375 0.034375 0.08046875
2 0.20546875 0.18046875 0.04453125 0.06953125
2 0.253125 0.2015625 0.03828125 0.05390625
2 0.7890625 0.16875 0.0375 0.04140625
2 0.021875 0.15078125 0.04140625 0.05703125
2 0.46015625 0.11796875 0.01328125 0.0359375
2 0.59140625 0.20703125 0.0421875 0.053125
2 0.83203125 0.18203125 0.03515625 0.04296875
2 0.7859375 0.1171875 0.02890625 0.034375
2 0.390625 0.54375 0.05078125 0.13515625
2 0.41171875 0.11796875 0.01484375 0.0359375
2 0.31484375 0.1921875 0.03671875 0.0546875
2 0.403125 0.06171875 0.0140625 0.0296875
2 0.73671875 0.17109375 0.03671875 0.040625
2 0.409375 0.17734375 0.03359375 0.04140625
2 0.4859375 0.17109375 0.0375 0.0453125
2 0.4296875 0.20859375 0.04765625 0.05546875