1 0.07734375 0.1390625 0.08359375 0.059375
1 0.4765625 0.76015625 0.13984375 0.30546875
1 0.140625 0.13046875 0.08515625 0.059375
3 0.64453125 0.040625 0.07578125 0.0484375
3 0.53984375 0.06328125 0.034375 0.0546875
3 0.9140625 0.3734375 0.03203125 0.13046875
3 0.72421875 0.05 0.03671875 0.059375
3 0.48359375 0.05546875 0.075 0.0484375
3 0.91875 0.265625 0.028125 0.046875
0 0.74140625 0.6484375 0.35 0.7
2 0.3421875 0.74921875 0.0546875 0.19921875
2 0.15703125 0.8265625 0.07109375 0.2
2 0.3234375 0.59140625 0.04453125 0.12109375
2 0.22265625 0.4734375 0.0546875 0.10703125
2 0.42421875 0.2265625 0.04296875 0.0515625
2 0.0421875 0.1734375 0.03359375 0.0484375
2 0.15859375 0.18984375 0.04140625 0.05
2 0.48203125 0.21328125 0.04609375 0.05390625
2 0.72578125 0.23828125 0.05078125 0.05859375
2 0.45234375 0.11796875 0.01171875 0.03359375
2 0.83359375 0.25078125 0.05703125 0.06171875
2 0.55234375 0.26640625 0.04921875 0.059375
2 0.09765625 0.17734375 0.0359375 0.0546875
2 0.2765625 0.21953125 0.0421875 0.06015625
2 0.46875 0.12421875 0.01484375 0.03828125
2 0.7875 0.19296875 0.0421875 0.046875
2 0.78515625 0.11875 0.02890625 0.0359375
2 0.23203125 0.20390625 0.03671875 0.053125
2 0.84921875 0.17578125 0.040625 0.05390625
2 0.259375 0.58671875 0.04921875 0.13828125
2 0.68125 0.225 0.04765625 0.0515625
2 0.31328125 0.1265625 0.02578125 0.04375
2 0.29296875 0.0828125 0.01875 0.025
2 0.3578125 0.17734375 0.03515625 0.04375
2 0.7421875 0.16640625 0.0359375 0.04296875
2 0.40703125 0.11796875 0.01484375 0.03359375
2 0.646875 0.2078125 0.04296875 0.046875
2 0.54296875 0.2078125 0.04296875 0.046875
2 0.8734375 0.1703125 0.0296875 0.04453125
2 0.38984375 0.559375 0.04765625 0.10703125
2 0.43671875 0.10703125 0.01640625 0.03515625
2 0.4296875 0.16953125 0.03671875 0.04140625
2 0.38203125 0.20859375 0.0421875 0.0546875
2 0.009375 0.1328125 0.01875 0.04375
2 0.6921875 0.1703125 0.03203125 0.04609375
2 0.7140625 0.15625 0.02421875 0.040625
2 0.10625 0.159375 0.03828125 0.05703125
2 0.2703125 0.16328125 0.0328125 0.03828125
2 0.20546875 0.13359375 0.03046875 0.03984375
2 0.00703125 0.15859375 0.0140625 0.0453125