1 0.4765625 0.76953125 0.13984375 0.30546875
1 0.03515625 0.13125 0.06953125 0.053125
3 0.64375 0.0515625 0.075 0.05078125
3 0.91328125 0.38359375 0.03203125 0.13125
3 0.5390625 0.07265625 0.03515625 0.0546875
3 0.91796875 0.27421875 0.02734375 0.04609375
3 0.48203125 0.065625 0.075 0.04921875
0 0.74296875 0.653125 0.35234375 0.690625
2 0.3953125 0.1078125 0.0125 0.0359375
2 0.3421875 0.759375 0.05546875 0.1984375
2 0.075 0.53359375 0.06171875 0.1046875
2 0.05 0.19296875 0.03359375 0.06953125
2 0.828125 0.1953125 0.046875 0.0484375
2 0.465625 0.246875 0.05390625 0.05390625
2 0.5453125 0.19296875 0.04140625 0.04609375
2 0.63359375 0.15859375 0.02265625 0.04375
2 0.18359375 0.21953125 0.04140625 0.05390625
2 0.3390625 0.240625 0.04296875 0.0546875
2 0.25078125 0.20234375 0.040625 0.04921875
2 0.48515625 0.21640625 0.03046875 0.05078125
2 0.6890625 0.16640625 0.03984375 0.0484375
2 0.5765625 0.1515625 0.0234375 0.040625
2 0.784375 0.128125 0.02890625 0.0390625
2 0.4359375 0.11171875 0.01328125 0.03671875
2 0.13046875 0.83359375 0.07109375 0.1984375
2 0.1671875 0.93046875 0.06640625 0.13828125
2 0.02109375 0.7984375 0.0421875 0.18515625
2 0.325 0.1328125 0.01171875 0.03203125
2 0.14140625 0.203125 0.0296875 0.046875
2 0.075 0.19296875 0.0328125 0.04296875
2 0.39140625 0.55546875 0.04765625 0.13359375
2 0.91484375 0.88359375 0.04296875 0.2296875
2 0.37109375 0.23046875 0.04453125 0.05078125
2 0.5625 0.1609375 0.0234375 0.040625
2 0.13515625 0.1828125 0.03984375 0.0453125
2 0.01484375 0.1734375 0.0296875 0.05
2 0.26015625 0.7328125 0.05625 0.1734375