1 0.4765625 0.76015625 0.13984375 0.30546875
1 0.07265625 0.13984375 0.08359375 0.0609375
1 0.1359375 0.13046875 0.084375 0.05859375
3 0.53984375 0.0640625 0.034375 0.05390625
3 0.72421875 0.05 0.03671875 0.05703125
3 0.9140625 0.37421875 0.03203125 0.13125
3 0.91875 0.265625 0.02734375 0.046875
3 0.64453125 0.04140625 0.07578125 0.04921875
0 0.7421875 0.6484375 0.34921875 0.7
2 0.21484375 0.48125 0.0546875 0.10703125
2 0.3421875 0.75078125 0.0546875 0.19921875
2 0.25546875 0.59375 0.05 0.1390625
2 0.1515625 0.83359375 0.06875 0.2046875
2 0.31796875 0.60234375 0.04296875 0.12109375
2 0.03671875 0.175 0.03359375 0.04453125
2 0.7109375 0.23828125 0.05078125 0.059375
2 0.15 0.18984375 0.04140625 0.05
2 0.09140625 0.1765625 0.03515625 0.05546875
2 0.66796875 0.22421875 0.046875 0.0515625
2 0.81875 0.2453125 0.05703125 0.0703125
2 0.54375 0.26640625 0.04921875 0.05625
2 0.47265625 0.21171875 0.04609375 0.05546875
2 0.4515625 0.11640625 0.01171875 0.03515625
2 0.415625 0.2265625 0.0421875 0.05078125
2 0.77578125 0.1921875 0.04296875 0.04921875
2 0.78515625 0.11875 0.02890625 0.03828125
2 0.83671875 0.17734375 0.04375 0.046875
2 0.46640625 0.12578125 0.01484375 0.0359375
2 0.2671875 0.22109375 0.03984375 0.05546875
2 0.228125 0.203125 0.03671875 0.053125
2 0.73359375 0.1640625 0.0328125 0.0453125
2 0.42109375 0.16796875 0.03515625 0.04375
2 0.31484375 0.12890625 0.02578125 0.03828125
2 0.684375 0.1703125 0.03125 0.04453125
2 0.18671875 0.17109375 0.03984375 0.05390625
2 0.29765625 0.08125 0.01953125 0.0265625
2 0.37265625 0.20703125 0.040625 0.05625
2 0.40625 0.11640625 0.0140625 0.03203125
2 0.38984375 0.559375 0.04765625 0.10703125
2 0.34765625 0.17578125 0.03359375 0.046875
2 0.534375 0.20859375 0.04140625 0.0453125
2 0.10390625 0.1609375 0.03203125 0.0546875
2 0.7078125 0.1578125 0.02421875 0.03984375
2 0.2625 0.1625 0.03359375 0.03828125
2 0.42109375 0.4546875 0.02890625 0.08359375
2 0.6359375 0.2078125 0.040625 0.0453125
2 0.16328125 0.1765625 0.034375 0.05703125