1 0.16328125 0.3703125 0.11953125 0.1109375
1 0.1359375 0.1734375 0.065625 0.046875
1 0.76484375 0.221875 0.0890625 0.05546875
1 0.85234375 0.20546875 0.08515625 0.0484375
1 0.4859375 0.96796875 0.15546875 0.06171875
1 0.41015625 0.19140625 0.04140625 0.04609375
1 0.59140625 0.190625 0.09765625 0.059375
1 0.9890625 0.2109375 0.02109375 0.0453125
3 0.59453125 0.02890625 0.0234375 0.01328125
3 0.65546875 0.12421875 0.07421875 0.04921875
3 0.9265625 0.45546875 0.03046875 0.1296875
3 0.734375 0.13203125 0.0375 0.05703125
3 0.93046875 0.34609375 0.02734375 0.046875
3 0.5515625 0.14609375 0.03515625 0.053125
3 0.921875 0.55703125 0.02421875 0.04140625
3 0.49453125 0.1390625 0.075 0.05
3 0.16328125 0.03671875 0.00703125 0.01484375
2 0.48203125 0.5390625 0.0421875 0.09453125
2 0.71640625 0.39921875 0.05859375 0.06171875
2 0.409375 0.46171875 0.02734375 0.0796875
2 0.27734375 0.80859375 0.053125 0.18046875
2 0.528125 0.81640625 0.065625 0.18984375
2 0.5890625 0.81796875 0.04765625 0.15390625
2 0.7046875 0.846875 0.06640625 0.19296875
2 0.38359375 0.5609375 0.034375 0.1015625
2 0.24921875 0.184375 0.02578125 0.04453125
2 0.1984375 0.17109375 0.02109375 0.03359375
2 0.11171875 0.8421875 0.07578125 0.15078125
2 0.47734375 0.18515625 0.02421875 0.03515625
2 0.7984375 0.24296875 0.02109375 0.04375
2 0.19921875 0.790625 0.06328125 0.1484375
2 0.20546875 0.8796875 0.0640625 0.1484375
2 0.52734375 0.55234375 0.03828125 0.09375
2 0.71328125 0.709375 0.05078125 0.109375
2 0.63984375 0.203125 0.03203125 0.0453125
2 0.34375 0.92265625 0.05078125 0.153125
2 0.2703125 0.16875 0.0171875 0.03671875