1 0.4765625 0.76953125 0.13984375 0.3046875
1 0.0453125 0.13515625 0.08359375 0.059375
3 0.64453125 0.0515625 0.075 0.04921875
3 0.91328125 0.384375 0.03125 0.13125
3 0.53984375 0.0734375 0.03515625 0.0546875
3 0.91796875 0.275 0.02734375 0.04609375
3 0.72421875 0.059375 0.0359375 0.05546875
3 0.4828125 0.06640625 0.075 0.0484375
0 0.74140625 0.653125 0.35 0.68984375
2 0.053125 0.51953125 0.06640625 0.09609375
2 0.3421875 0.759375 0.05546875 0.19921875
2 0.396875 0.109375 0.01171875 0.03984375
2 0.60078125 0.19609375 0.04453125 0.05078125
2 0.2828125 0.20625 0.0421875 0.05
2 0.21953125 0.2234375 0.04140625 0.05390625
2 0.0484375 0.73203125 0.06640625 0.1796875
2 0.55859375 0.1734375 0.0296875 0.04296875
2 0.41875 0.23203125 0.04921875 0.05390625
2 0.6578125 0.1640625 0.02421875 0.0453125
2 0.19453125 0.8953125 0.06484375 0.18359375
2 0.51796875 0.25 0.05390625 0.05546875
2 0.78515625 0.1296875 0.02890625 0.03671875
2 0.4375 0.1140625 0.0140625 0.0390625
2 0.3078125 0.1953125 0.03515625 0.04296875
2 0.0359375 0.1796875 0.03359375 0.04609375
2 0.3703125 0.24453125 0.04296875 0.0546875
2 0.27265625 0.68515625 0.04453125 0.14609375
2 0.28125 0.14453125 0.028125 0.0359375
2 0.2328125 0.1859375 0.02421875 0.0453125
2 0.428125 0.10078125 0.01015625 0.03125
2 0.39140625 0.55546875 0.04765625 0.13359375
2 0.1546875 0.2046875 0.03203125 0.0515625
2 0.15859375 0.18203125 0.05390625 0.0484375
2 0.53359375 0.21875 0.03203125 0.04921875
2 0.15625 0.7828125 0.06484375 0.18828125
2 0.31875 0.18046875 0.0359375 0.05859375
2 0.709375 0.165625 0.0296875 0.0453125
2 0.109375 0.159375 0.02734375 0.03828125
2 0.10390625 0.19296875 0.03359375 0.0453125
2 0.0796875 0.20625 0.03515625 0.0515625
2 0.3234375 0.13671875 0.0109375 0.0296875
2 0.00703125 0.16796875 0.01328125 0.0484375