1 0.4765625 0.76953125 0.13984375 0.30546875
1 0.03046875 0.13125 0.0609375 0.053125
3 0.91328125 0.38359375 0.03125 0.13125
3 0.5390625 0.07265625 0.03515625 0.0546875
3 0.64375 0.05078125 0.07578125 0.04921875
3 0.91796875 0.27421875 0.02734375 0.04609375
3 0.4828125 0.06484375 0.07578125 0.0484375
0 0.7421875 0.65234375 0.35078125 0.69140625
2 0.3421875 0.75859375 0.05546875 0.19921875
2 0.08359375 0.53984375 0.05859375 0.10703125
2 0.4421875 0.2453125 0.05390625 0.05546875
2 0.79609375 0.19296875 0.04609375 0.04453125
2 0.62265625 0.15546875 0.021875 0.04375
2 0.51953125 0.190625 0.04296875 0.046875
2 0.3953125 0.10859375 0.01171875 0.03359375
2 0.23671875 0.20078125 0.03984375 0.04609375
2 0.16875 0.21953125 0.04140625 0.04921875
2 0.553125 0.15859375 0.021875 0.03984375
2 0.434375 0.109375 0.01171875 0.0390625
2 0.2578125 0.75859375 0.04921875 0.1734375
2 0.11875 0.18125 0.03203125 0.040625
2 0.3546875 0.22734375 0.03828125 0.05078125
2 0.32578125 0.23984375 0.0421875 0.05
2 0.5703125 0.14921875 0.02109375 0.03828125
2 0.53046875 0.1484375 0.01484375 0.03828125
2 0.0734375 0.16015625 0.021875 0.04609375
2 0.67578125 0.16640625 0.03515625 0.0453125
2 0.11796875 0.859375 0.07421875 0.20390625
2 0.1359375 0.203125 0.0296875 0.04375
2 0.01171875 0.81640625 0.0234375 0.1546875
2 0.365625 0.1859375 0.03828125 0.0640625
2 0.784375 0.128125 0.02890625 0.03671875
2 0.2609375 0.19140625 0.0296875 0.03984375
2 0.18671875 0.2015625 0.03125 0.0453125
2 0.91015625 0.928125 0.07578125 0.14296875
2 0.96484375 0.25546875 0.05390625 0.04921875
2 0.39140625 0.55546875 0.0484375 0.134375
2 0.03671875 0.19921875 0.03203125 0.05078125
2 0.46328125 0.21640625 0.03125 0.046875
2 0.325 0.12890625 0.0109375 0.03046875
2 0.06171875 0.19140625 0.03203125 0.04296875
2 0.009375 0.16875 0.01875 0.059375