1 0.2125 0.19375 0.065625 0.059375
1 0.50078125 0.859375 0.14609375 0.2796875
1 0.57890625 0.21328125 0.10390625 0.08203125
1 0.80703125 0.26875 0.12421875 0.08828125
1 0.63828125 0.18125 0.05234375 0.06328125
1 0.31015625 0.21328125 0.09140625 0.0734375
1 0.509375 0.23125 0.09140625 0.06953125
1 0.85390625 0.246875 0.1 0.0734375
1 0.0375 0.24375 0.06328125 0.08515625
1 0.27890625 0.1703125 0.096875 0.0609375
1 0.10703125 0.82578125 0.203125 0.3453125
1 0.57109375 0.16015625 0.05859375 0.06328125
0 0.75546875 0.17109375 0.19140625 0.13046875
0 0.09296875 0.17109375 0.18515625 0.1265625
2 0.265625 0.546875 0.05390625 0.0984375
2 0.6671875 0.54609375 0.04453125 0.11796875
2 0.4234375 0.25859375 0.04921875 0.05859375
2 0.33203125 0.49296875 0.03828125 0.096875
2 0.51875 0.1578125 0.0203125 0.034375
2 0.51015625 0.25703125 0.04140625 0.0484375
2 0.24375 0.91171875 0.06640625 0.175
2 0.77109375 0.290625 0.05546875 0.06796875
2 0.5015625 0.52890625 0.04296875 0.12109375
2 0.575 0.26875 0.04609375 0.053125
2 0.5734375 0.54140625 0.03359375 0.1109375
2 0.33671875 0.8734375 0.06328125 0.19140625
2 0.31875 0.7546875 0.05703125 0.15703125
2 0.03984375 0.2921875 0.03515625 0.09921875
2 0.6765625 0.21953125 0.03828125 0.03984375
2 0.59609375 0.11875 0.01328125 0.03984375
2 0.33125 0.23671875 0.03671875 0.04140625
2 0.07109375 0.2234375 0.02421875 0.040625
2 0.384375 0.75078125 0.05546875 0.190625
2 0.7328125 0.23828125 0.0359375 0.04140625