1 0.19921875 0.3546875 0.1125 0.1015625
1 0.165625 0.1796875 0.0671875 0.0484375
1 0.43359375 0.1984375 0.06328125 0.0453125
1 0.7890625 0.22734375 0.08984375 0.0546875
1 0.615625 0.19375 0.09765625 0.05546875
1 0.48515625 0.97109375 0.15078125 0.05546875
1 0.9890625 0.221875 0.0203125 0.0484375
3 0.928125 0.42734375 0.03359375 0.20078125
3 0.734375 0.13671875 0.03828125 0.05546875
3 0.59453125 0.034375 0.02421875 0.0140625
3 0.65546875 0.1296875 0.075 0.05
3 0.5515625 0.1515625 0.03515625 0.053125
2 0.45859375 0.56171875 0.05 0.1
2 0.3828125 0.56640625 0.03515625 0.1046875
2 0.7046875 0.853125 0.0671875 0.19453125
2 0.66640625 0.41484375 0.0578125 0.06640625
2 0.52734375 0.55859375 0.03984375 0.090625
2 0.41015625 0.46640625 0.02734375 0.0796875
2 0.68203125 0.21171875 0.03203125 0.04375
2 0.58984375 0.82421875 0.04765625 0.15390625
2 0.86953125 0.3921875 0.04375 0.07109375
2 0.79765625 0.2515625 0.02109375 0.03828125
2 0.23125 0.1765625 0.02265625 0.03828125
2 0.278125 0.19765625 0.0265625 0.034375
2 0.5046875 0.1890625 0.025 0.03828125
2 0.659375 0.93125 0.07734375 0.13515625
2 0.72578125 0.753125 0.05234375 0.13828125
2 0.2046875 0.884375 0.06328125 0.153125
2 0.075 0.90078125 0.0734375 0.16015625
2 0.30234375 0.18046875 0.01640625 0.0296875
2 0.1984375 0.79296875 0.06484375 0.14296875
2 0.27734375 0.8140625 0.053125 0.18046875
2 0.528125 0.821875 0.06484375 0.190625