1 0.55703125 0.209375 0.04765625 0.07109375
1 0.47890625 0.88984375 0.18671875 0.21875
1 0.50390625 0.44609375 0.0796875 0.14140625
1 0.60078125 0.16640625 0.0328125 0.0515625
0 0.73125 0.5140625 0.18515625 0.53984375
2 0.38984375 0.23984375 0.01640625 0.0390625
2 0.36640625 0.32421875 0.0203125 0.0484375
2 0.41171875 0.35703125 0.0203125 0.05390625
2 0.49140625 0.25859375 0.01484375 0.04140625
2 0.1875 0.1390625 0.01953125 0.02890625
2 0.25390625 0.140625 0.021875 0.0265625
2 0.53359375 0.571875 0.04296875 0.125
2 0.17734375 0.39140625 0.04921875 0.06796875
2 0.04453125 0.503125 0.08125 0.08203125
2 0.225 0.128125 0.01953125 0.0265625
2 0.47265625 0.21953125 0.0140625 0.03828125
2 0.45859375 0.34765625 0.0171875 0.04921875
2 0.796875 0.190625 0.02734375 0.03515625
2 0.4203125 0.30390625 0.01640625 0.03671875
2 0.1546875 0.1359375 0.02109375 0.0265625
2 0.3125 0.146875 0.02421875 0.025
2 0.47421875 0.13046875 0.01171875 0.02578125
2 0.51640625 0.18828125 0.0125 0.028125
2 0.696875 0.16171875 0.01328125 0.04375
2 0.12578125 0.49453125 0.053125 0.1046875
2 0.01484375 0.18046875 0.0296875 0.0453125
4 0.17265625 0.22421875 0.07265625 0.1234375