1 0.35234375 0.184375 0.0828125 0.07421875
1 0.58203125 0.10625 0.05546875 0.04375
1 0.4796875 0.9390625 0.1875 0.11953125
1 0.5296875 0.19140625 0.09609375 0.06015625
1 0.75078125 0.19140625 0.08984375 0.0734375
1 0.59609375 0.146875 0.06875 0.05078125
3 0.9171875 0.40078125 0.03203125 0.1296875
3 0.646875 0.0671875 0.0765625 0.05078125
3 0.54375 0.090625 0.03515625 0.05390625
3 0.7265625 0.07578125 0.03828125 0.059375
0 0.225 0.19375 0.1984375 0.1453125
2 0.2703125 0.75546875 0.05390625 0.17890625
2 0.66484375 0.24453125 0.0453125 0.05625
2 0.7296875 0.87578125 0.05859375 0.21875
2 0.76484375 0.28203125 0.05390625 0.0546875
2 0.465625 0.2484375 0.0453125 0.05859375
2 0.41015625 0.2265625 0.03984375 0.04921875
2 0.02421875 0.17421875 0.02578125 0.0359375
2 0.834375 0.38046875 0.03671875 0.0703125
2 0.53828125 0.2359375 0.04375 0.05390625
2 0.0453125 0.1921875 0.03203125 0.04375
2 0.440625 0.18125 0.034375 0.0453125
2 0.81640625 0.26796875 0.059375 0.06171875
2 0.7359375 0.2109375 0.03828125 0.0453125
2 0.490625 0.14453125 0.01328125 0.03828125
2 0.5953125 0.23359375 0.04296875 0.05390625
2 0.11484375 0.20703125 0.03046875 0.04375
2 0.1921875 0.7390625 0.06328125 0.1484375
2 0.4703125 0.12890625 0.01015625 0.034375
2 0.80546875 0.1609375 0.025 0.04140625
2 0.521875 0.146875 0.01640625 0.028125
2 0.40546875 0.0984375 0.01484375 0.02578125
2 0.8765625 0.234375 0.025 0.0453125
2 0.19921875 0.8265625 0.06328125 0.14609375
2 0.85390625 0.2359375 0.04453125 0.046875
2 0.88203125 0.275 0.01171875 0.040625
2 0.3359375 0.86328125 0.05625 0.17109375
2 0.22109375 0.92578125 0.06796875 0.146875