1 0.553125 0.22109375 0.04921875 0.0734375
1 0.59921875 0.17421875 0.03515625 0.0546875
1 0.05078125 0.30859375 0.1015625 0.1015625
1 0.50234375 0.48203125 0.084375 0.15859375
1 0.48984375 0.915625 0.17265625 0.16796875
1 0.36484375 0.10703125 0.02109375 0.03671875
0 0.7421875 0.565625 0.22421875 0.59921875
2 0.51171875 0.6109375 0.05078125 0.1359375
2 0.33828125 0.15078125 0.0234375 0.025
2 0.17890625 0.3875 0.04609375 0.07890625
2 0.19140625 0.13828125 0.02109375 0.0265625
2 0.44140625 0.39296875 0.02109375 0.06328125
2 0.47890625 0.284375 0.01796875 0.046875
2 0.12734375 0.5 0.05 0.1015625
2 0.38984375 0.40546875 0.02421875 0.06640625
2 0.475 0.13203125 0.0109375 0.0265625
2 0.28125 0.1421875 0.02109375 0.0265625
2 0.40390625 0.34921875 0.01640625 0.046875
2 0.39296875 0.26015625 0.01171875 0.03125
2 0.21953125 0.1421875 0.021875 0.0265625
2 0.796875 0.19296875 0.028125 0.03671875
2 0.01484375 0.184375 0.0296875 0.0375
2 0.04375 0.503125 0.0796875 0.08828125
2 0.16015625 0.20546875 0.01484375 0.03125
2 0.7 0.17109375 0.0125 0.04375
2 0.34453125 0.346875 0.02578125 0.0765625
2 0.50546875 0.2 0.0140625 0.028125
2 0.409375 0.2765625 0.0171875 0.0359375
2 0.259375 0.1296875 0.02109375 0.02578125
2 0.090625 0.45546875 0.03359375 0.096875
2 0.4625 0.2359375 0.01484375 0.040625