1 0.51015625 0.37109375 0.06875 0.11484375
1 0.48984375 0.84609375 0.14609375 0.30625
1 0.60234375 0.153125 0.02890625 0.04921875
1 0.5640625 0.18984375 0.04296875 0.06484375
1 0.32421875 0.11171875 0.06796875 0.04453125
0 0.71015625 0.43125 0.14921875 0.44296875
2 0.57890625 0.4859375 0.0328125 0.11171875
2 0.40859375 0.26484375 0.0171875 0.04296875
2 0.334375 0.14921875 0.02578125 0.028125
2 0.17578125 0.38828125 0.05 0.078125
2 0.48828125 0.2734375 0.0140625 0.04140625
2 0.3109375 0.940625 0.0640625 0.11640625
2 0.3734375 0.209375 0.01484375 0.034375
2 0.5078125 0.215625 0.0140625 0.03828125
2 0.22109375 0.20390625 0.034375 0.04140625
2 0.796875 0.18984375 0.02734375 0.03671875
2 0.12109375 0.459375 0.05078125 0.16640625
2 0.146875 0.1265625 0.01796875 0.025
2 0.45234375 0.278125 0.02109375 0.0546875
2 0.47421875 0.12890625 0.0109375 0.0296875
2 0.11640625 0.13359375 0.02109375 0.0265625
2 0.76953125 0.85859375 0.06640625 0.1609375
2 0.0140625 0.17890625 0.028125 0.0453125
2 0.190625 0.13515625 0.03203125 0.02421875
2 0.04453125 0.4828125 0.08046875 0.1265625
2 0.246875 0.14140625 0.02265625 0.025
2 0.49609375 0.19296875 0.01328125 0.03203125
2 0.52109375 0.178125 0.0125 0.0265625
4 0.11875 0.2671875 0.08828125 0.14375