1 0.24609375 0.18984375 0.05 0.05
1 0.47890625 0.48203125 0.0828125 0.13828125
1 0.0546875 0.3171875 0.10859375 0.1234375
1 0.534375 0.19609375 0.03359375 0.05
1 0.578125 0.209375 0.04609375 0.0734375
3 0.64609375 0.11015625 0.07734375 0.05703125
3 0.91796875 0.440625 0.03203125 0.1296875
3 0.5125 0.12578125 0.02265625 0.04375
3 0.58671875 0.01484375 0.02578125 0.01640625
3 0.5921875 0.01484375 0.0140625 0.01328125
0 0.71015625 0.440625 0.1375 0.28359375
2 0.29375 0.184375 0.01328125 0.034375
2 0.5125 0.2625 0.01328125 0.034375
2 0.4109375 0.20859375 0.01640625 0.03515625
2 0.590625 0.140625 0.00859375 0.025
2 0.56640625 0.30390625 0.021875 0.06640625
2 0.49453125 0.19453125 0.01015625 0.02578125
2 0.0984375 0.153125 0.02109375 0.034375
2 0.77265625 0.178125 0.02421875 0.03125
2 0.40234375 0.12421875 0.00859375 0.021875
2 0.8046875 0.203125 0.02265625 0.04375
2 0.22265625 0.18671875 0.0140625 0.03828125
2 0.6984375 0.16640625 0.01796875 0.028125
2 0.39765625 0.196875 0.01640625 0.03984375
2 0.603125 0.3203125 0.02109375 0.06640625
2 0.74765625 0.7359375 0.04296875 0.13671875
2 0.446875 0.3578125 0.01796875 0.06796875