1 0.4890625 0.86171875 0.1546875 0.27421875
1 0.5609375 0.19453125 0.0453125 0.06875
1 0.33984375 0.109375 0.06171875 0.04453125
1 0.6015625 0.15703125 0.02890625 0.0484375
1 0.50703125 0.4015625 0.071875 0.1296875
1 0.01640625 0.35703125 0.0328125 0.09375
0 0.71875 0.4609375 0.1609375 0.475
2 0.5625 0.51875 0.03671875 0.11875
2 0.8203125 0.94453125 0.07421875 0.10859375
2 0.478125 0.2984375 0.01484375 0.04375
2 0.2734375 0.14296875 0.02265625 0.02578125
2 0.4359375 0.30546875 0.02109375 0.05
2 0.10390625 0.13203125 0.02109375 0.028125
2 0.12265625 0.4953125 0.04765625 0.0984375
2 0.39296875 0.28671875 0.01953125 0.04296875
2 0.35546875 0.14765625 0.025 0.02890625
2 0.2078125 0.2015625 0.03515625 0.04296875
2 0.38203125 0.21875 0.01640625 0.0359375
2 0.5015625 0.23046875 0.0140625 0.0390625
2 0.215625 0.134375 0.028125 0.0296875
2 0.4859375 0.20234375 0.0140625 0.0359375
2 0.14453125 0.13359375 0.02421875 0.0265625
2 0.17578125 0.39296875 0.04921875 0.06953125
2 0.178125 0.12421875 0.01796875 0.028125
2 0.04453125 0.49140625 0.08125 0.10703125
2 0.796875 0.190625 0.02734375 0.0359375
2 0.01484375 0.1796875 0.0296875 0.04453125
2 0.47421875 0.12734375 0.01171875 0.03046875
4 0.140625 0.24921875 0.08203125 0.13046875