1 0.48046875 0.9265625 0.18984375 0.1453125
1 0.84609375 0.19140625 0.1 0.08203125
1 0.28125 0.140625 0.04921875 0.059375
1 0.3359375 0.196875 0.12265625 0.071875
3 0.646875 0.04140625 0.07734375 0.05
3 0.72734375 0.05 0.03828125 0.059375
3 0.9171875 0.375 0.03203125 0.1296875
3 0.921875 0.26640625 0.0265625 0.046875
3 0.4859375 0.05546875 0.07734375 0.0546875
2 0.42109375 0.2296875 0.04453125 0.06484375
2 0.525 0.75390625 0.0578125 0.1484375
2 0.21796875 0.21171875 0.046875 0.0640625
2 0.6140625 0.24140625 0.05078125 0.05546875
2 0.3234375 0.21953125 0.04921875 0.05625
2 0.6671875 0.23203125 0.04765625 0.053125
2 0.61953125 0.09765625 0.01015625 0.02890625
2 0.78203125 0.25859375 0.05390625 0.05859375
2 0.58046875 0.73828125 0.04765625 0.153125
2 0.15859375 0.190625 0.03671875 0.053125
2 0.13359375 0.86640625 0.0671875 0.2140625
2 0.03125 0.92578125 0.0609375 0.146875
2 0.5765625 0.2203125 0.04140625 0.0484375
2 0.628125 0.13046875 0.01484375 0.025
2 0.73828125 0.2234375 0.04140625 0.05
2 0.47578125 0.228125 0.0453125 0.0515625
2 0.18984375 0.35546875 0.03359375 0.08359375
2 0.66171875 0.08125 0.01171875 0.0265625
2 0.2640625 0.17265625 0.02890625 0.04921875
2 0.4140625 0.071875 0.01640625 0.0296875
2 0.2 0.8 0.06328125 0.14453125
2 0.6890625 0.19453125 0.04453125 0.0453125
2 0.27109375 0.73125 0.05234375 0.17890625
2 0.98046875 0.3234375 0.03828125 0.05
2 0.86015625 0.23359375 0.05234375 0.05703125
2 0.79453125 0.2109375 0.04140625 0.05546875
2 0.1921875 0.70703125 0.0625 0.13515625
2 0.103125 0.165625 0.021875 0.05
2 0.28984375 0.20703125 0.03203125 0.0546875
2 0.59375 0.91171875 0.05859375 0.171875
2 0.01640625 0.8046875 0.0328125 0.12578125
4 0.3609375 0.1421875 0.1140625 0.10625
4 0.5015625 0.171875 0.12578125 0.1140625