1 0.17890625 0.36328125 0.11640625 0.10546875
1 0.1484375 0.17578125 0.06796875 0.0484375
1 0.77578125 0.22421875 0.08984375 0.0546875
1 0.41875 0.19375 0.05546875 0.0484375
1 0.86484375 0.2078125 0.0765625 0.046875
1 0.48515625 0.96953125 0.15390625 0.059375
1 0.60234375 0.1921875 0.09765625 0.05859375
1 0.31875 0.18046875 0.05390625 0.046875
1 0.98984375 0.2171875 0.01875 0.0359375
3 0.734375 0.134375 0.03671875 0.05625
3 0.6546875 0.1265625 0.07578125 0.05078125
3 0.5515625 0.1484375 0.03515625 0.05390625
3 0.92734375 0.45703125 0.03046875 0.13046875
3 0.93125 0.34765625 0.02734375 0.0453125
3 0.59453125 0.03046875 0.02421875 0.01171875
3 0.921875 0.559375 0.02578125 0.04296875
2 0.69375 0.40625 0.05859375 0.0640625
2 0.3828125 0.5640625 0.03515625 0.1
2 0.659375 0.20625 0.0296875 0.04609375
2 0.528125 0.81953125 0.06484375 0.1890625
2 0.58984375 0.81953125 0.04765625 0.15078125
2 0.278125 0.8109375 0.05390625 0.18046875
2 0.40859375 0.46484375 0.02890625 0.0796875
2 0.471875 0.54921875 0.04453125 0.0953125
2 0.79921875 0.246875 0.02421875 0.03984375
2 0.26171875 0.19296875 0.02578125 0.03203125
2 0.48984375 0.18515625 0.025 0.040625
2 0.70546875 0.84921875 0.0671875 0.1953125
2 0.21328125 0.17265625 0.02421875 0.03828125
2 0.134375 0.92109375 0.07421875 0.15546875
2 0.71875 0.721875 0.05078125 0.1109375
2 0.5265625 0.55703125 0.03671875 0.0984375
2 0.2046875 0.88203125 0.06328125 0.1515625
2 0.1984375 0.790625 0.06484375 0.14453125
2 0.88359375 0.38046875 0.02421875 0.07109375
2 0.6609375 0.93203125 0.07734375 0.134375
2 0.284375 0.17109375 0.01640625 0.0390625
2 0.64609375 0.81328125 0.04921875 0.1484375
2 0.096875 0.86328125 0.08046875 0.14453125