1 0.5578125 0.2078125 0.04765625 0.07109375
1 0.50390625 0.44140625 0.07890625 0.14296875
1 0.478125 0.88671875 0.18515625 0.225
1 0.353125 0.10703125 0.040625 0.04296875
1 0.60078125 0.165625 0.0328125 0.05390625
0 0.73125 0.5078125 0.18046875 0.53203125
2 0.53671875 0.565625 0.04140625 0.121875
2 0.36953125 0.31640625 0.02109375 0.04609375
2 0.24921875 0.1390625 0.0234375 0.0296875
2 0.3078125 0.146875 0.02421875 0.025
2 0.4609375 0.340625 0.0171875 0.0515625
2 0.1484375 0.134375 0.02109375 0.0265625
2 0.69609375 0.16171875 0.01328125 0.0390625
2 0.38984375 0.2359375 0.01796875 0.040625
2 0.17734375 0.3921875 0.05 0.06796875
2 0.21953125 0.128125 0.01953125 0.02578125
2 0.1828125 0.1390625 0.01953125 0.028125
2 0.41484375 0.34609375 0.02109375 0.059375
2 0.125 0.49453125 0.05234375 0.1046875
2 0.796875 0.190625 0.02734375 0.0359375
2 0.47421875 0.2171875 0.01328125 0.03828125
2 0.47421875 0.12890625 0.0109375 0.02890625
2 0.04453125 0.503125 0.08203125 0.08046875
2 0.51875 0.1859375 0.01015625 0.03046875
2 0.5015625 0.20703125 0.0140625 0.03125
2 0.428125 0.25078125 0.01484375 0.02890625
2 0.4921875 0.25546875 0.01484375 0.03984375
2 0.4234375 0.29921875 0.0171875 0.03984375