1 0.19375 0.19453125 0.07265625 0.059375
1 0.77109375 0.26796875 0.11953125 0.0859375
1 0.50078125 0.8609375 0.14609375 0.27578125
1 0.55234375 0.21484375 0.10078125 0.08125
1 0.81875 0.24609375 0.10859375 0.075
1 0.29453125 0.2140625 0.0921875 0.071875
1 0.2640625 0.171875 0.09609375 0.06171875
1 0.728125 0.83359375 0.16875 0.2609375
1 0.4828125 0.23203125 0.08984375 0.0703125
1 0.10703125 0.8265625 0.20234375 0.34296875
1 0.03203125 0.240625 0.0640625 0.075
1 0.6296875 0.18125 0.03515625 0.05859375
1 0.56640625 0.159375 0.05546875 0.059375
1 0.97734375 0.21328125 0.04453125 0.0703125
0 0.7375 0.171875 0.18515625 0.11953125
0 0.08203125 0.17109375 0.1640625 0.12421875
2 0.26640625 0.54921875 0.05703125 0.1
2 0.33203125 0.4921875 0.0375 0.103125
2 0.5734375 0.5421875 0.03359375 0.11796875
2 0.70859375 0.28203125 0.05390625 0.0765625
2 0.534375 0.265625 0.0421875 0.0546875
2 0.66953125 0.54921875 0.05234375 0.11640625
2 0.47578125 0.25390625 0.03984375 0.046875
2 0.31875 0.7484375 0.05703125 0.18515625
2 0.50546875 0.1578125 0.01875 0.034375
2 0.24296875 0.91171875 0.06640625 0.17421875
2 0.38125 0.25390625 0.040625 0.05859375
2 0.33828125 0.86875 0.06015625 0.178125
2 0.38515625 0.7546875 0.05546875 0.190625
2 0.5015625 0.53046875 0.04296875 0.12109375
2 0.2984375 0.23203125 0.03828125 0.04453125
2 0.6046875 0.20703125 0.03046875 0.04453125
2 0.66171875 0.21875 0.03046875 0.03984375
2 0.45390625 0.14921875 0.0265625 0.034375