1 0.56015625 0.2 0.0453125 0.06875
1 0.48984375 0.86953125 0.1578125 0.25859375
1 0.3453125 0.10859375 0.05703125 0.04453125
1 0.50546875 0.41640625 0.07421875 0.1359375
1 0.01640625 0.353125 0.0328125 0.109375
1 0.60078125 0.159375 0.03046875 0.0484375
0 0.7234375 0.475 0.16796875 0.49453125
2 0.55390625 0.534375 0.03828125 0.11953125
2 0.38515625 0.29609375 0.01875 0.04609375
2 0.49921875 0.23671875 0.01484375 0.040625
2 0.4296875 0.31484375 0.02265625 0.05546875
2 0.38515625 0.22421875 0.01640625 0.03359375
2 0.11953125 0.13125 0.01953125 0.02890625
2 0.1765625 0.390625 0.04921875 0.071875
2 0.48203125 0.20703125 0.0140625 0.03828125
2 0.1921875 0.1265625 0.01953125 0.025
2 0.22734375 0.1375 0.0265625 0.0265625
2 0.796875 0.19140625 0.02734375 0.034375
2 0.1578125 0.13515625 0.021875 0.028125
2 0.28515625 0.14375 0.02421875 0.0234375
2 0.203125 0.1984375 0.03203125 0.04375
2 0.3625 0.146875 0.01875 0.03203125
2 0.4734375 0.309375 0.01640625 0.0484375
2 0.5296875 0.17421875 0.01484375 0.03046875
2 0.11875 0.49375 0.05546875 0.1015625
2 0.47421875 0.12890625 0.0109375 0.028125
2 0.43984375 0.234375 0.01328125 0.025
4 0.15078125 0.24296875 0.07890625 0.128125