1 0.0671875 0.1390625 0.08359375 0.06015625
1 0.4765625 0.7609375 0.13984375 0.30546875
1 0.13125 0.1296875 0.0859375 0.05703125
3 0.9140625 0.375 0.03046875 0.13125
3 0.53984375 0.0640625 0.03515625 0.0546875
3 0.4828125 0.05625 0.0765625 0.0484375
3 0.64453125 0.04140625 0.07578125 0.05078125
3 0.91875 0.265625 0.02734375 0.04609375
0 0.7421875 0.6484375 0.34921875 0.7
2 0.14765625 0.84140625 0.06796875 0.20625
2 0.3421875 0.75078125 0.05546875 0.19921875
2 0.2515625 0.59921875 0.05078125 0.14140625
2 0.03125 0.17421875 0.034375 0.04609375
2 0.20625 0.4875 0.0546875 0.11171875
2 0.3140625 0.6109375 0.04296875 0.12421875
2 0.69609375 0.23828125 0.05 0.059375
2 0.80390625 0.2484375 0.0578125 0.0640625
2 0.2578125 0.21796875 0.03984375 0.0609375
2 0.40234375 0.22578125 0.04921875 0.053125
2 0.46328125 0.21328125 0.04609375 0.05078125
2 0.08515625 0.178125 0.03515625 0.053125
2 0.6546875 0.2234375 0.04609375 0.053125
2 0.53515625 0.265625 0.04765625 0.05625
2 0.221875 0.20390625 0.03125 0.04921875
2 0.4640625 0.12265625 0.0140625 0.04140625
2 0.67734375 0.1703125 0.03046875 0.04609375
2 0.78515625 0.11953125 0.02890625 0.03828125
2 0.33984375 0.17734375 0.03671875 0.04375
2 0.86328125 0.171875 0.04296875 0.0515625
2 0.31484375 0.12890625 0.02578125 0.0390625
2 0.38828125 0.55078125 0.05 0.125
2 0.825 0.178125 0.04609375 0.046875
2 0.525 0.209375 0.04453125 0.0484375
2 0.72578125 0.16484375 0.03046875 0.04453125
2 0.70078125 0.1578125 0.021875 0.03984375
2 0.4125 0.1671875 0.03515625 0.04375
2 0.303125 0.08203125 0.01796875 0.02421875
2 0.36328125 0.20625 0.03515625 0.05625
2 0.1421875 0.1859375 0.04140625 0.05703125
2 0.40625 0.1171875 0.01484375 0.03203125
2 0.76171875 0.1890625 0.04453125 0.05
2 0.25546875 0.16328125 0.03359375 0.0390625
2 0.62421875 0.2078125 0.040625 0.04375
2 0.18359375 0.17734375 0.034375 0.04375
2 0.41171875 0.45859375 0.0265625 0.08046875
2 0.09765625 0.1609375 0.03125 0.05390625
2 0.19453125 0.134375 0.0296875 0.0390625