1 0.21796875 0.19375 0.06484375 0.05859375
1 0.50078125 0.859375 0.14609375 0.2796875
1 0.8203125 0.26953125 0.12421875 0.0890625
1 0.58515625 0.2125 0.10625 0.08046875
1 0.64453125 0.18046875 0.05390625 0.06484375
1 0.2828125 0.16953125 0.09765625 0.06171875
1 0.31640625 0.21484375 0.09140625 0.07421875
1 0.85859375 0.24609375 0.090625 0.075
1 0.51875 0.23046875 0.09140625 0.06953125
1 0.10625 0.825 0.20234375 0.34609375
1 0.0375 0.24609375 0.06015625 0.08203125
1 0.72890625 0.8296875 0.16953125 0.2609375
1 0.571875 0.153125 0.05703125 0.0546875
0 0.096875 0.16953125 0.19375 0.1265625
0 0.7640625 0.16953125 0.18984375 0.12890625
2 0.2671875 0.54765625 0.05703125 0.096875
2 0.66640625 0.54375 0.04375 0.1203125
2 0.33203125 0.4953125 0.03828125 0.09296875
2 0.57265625 0.54140625 0.03359375 0.10703125
2 0.43828125 0.25703125 0.05390625 0.0640625
2 0.50234375 0.528125 0.04296875 0.121875
2 0.5234375 0.25703125 0.0421875 0.05
2 0.34296875 0.22578125 0.0375 0.06484375
2 0.2421875 0.9109375 0.06640625 0.175
2 0.79453125 0.29609375 0.05546875 0.05546875
2 0.38515625 0.75078125 0.05546875 0.19140625
2 0.59140625 0.2703125 0.04609375 0.0515625
2 0.5234375 0.15859375 0.0203125 0.03203125
2 0.3390625 0.86171875 0.0640625 0.2140625
2 0.31875 0.75546875 0.05703125 0.16171875
2 0.74453125 0.2390625 0.0375 0.04296875
2 0.08203125 0.21953125 0.0265625 0.05
2 0.6796875 0.2140625 0.03828125 0.046875