1 0.0328125 0.14140625 0.065625 0.0609375
1 0.47734375 0.76640625 0.13984375 0.30546875
1 0.10234375 0.13359375 0.0890625 0.05546875
3 0.91328125 0.38046875 0.03203125 0.13046875
3 0.53984375 0.06953125 0.03515625 0.05546875
3 0.64375 0.04609375 0.07578125 0.0515625
3 0.72421875 0.05546875 0.0375 0.05703125
3 0.9078125 0.48125 0.02578125 0.04296875
3 0.91875 0.2703125 0.02890625 0.0484375
0 0.7421875 0.6515625 0.35078125 0.69375
2 0.34140625 0.75546875 0.05390625 0.20078125
2 0.10703125 0.90625 0.075 0.18515625
2 0.80625 0.20703125 0.04921875 0.053125
2 0.2765625 0.69921875 0.05078125 0.15
2 0.753125 0.1734375 0.03515625 0.046875
2 0.47109375 0.2578125 0.04609375 0.0546875
2 0.14765625 0.55703125 0.05078125 0.13671875
2 0.184375 0.21953125 0.03828125 0.046875
2 0.390625 0.21328125 0.04453125 0.05
2 0.2703125 0.17890625 0.03984375 0.04609375
2 0.58515625 0.2390625 0.0484375 0.05625
2 0.62265625 0.16953125 0.02890625 0.04296875
2 0.07578125 0.19140625 0.04765625 0.04921875
2 0.40078125 0.11796875 0.01328125 0.03203125
2 0.5546875 0.2234375 0.03515625 0.05
2 0.0375 0.18046875 0.03515625 0.05078125
2 0.41953125 0.196875 0.03984375 0.05
2 0.14140625 0.178125 0.03359375 0.04140625
2 0.21953125 0.659375 0.053125 0.15703125
2 0.446875 0.11875 0.01796875 0.04375
2 0.69140625 0.2515625 0.05546875 0.059375
2 0.1046875 0.1796875 0.0359375 0.05390625
2 0.68046875 0.18359375 0.04609375 0.04609375
2 0.78515625 0.12421875 0.028125 0.03828125
2 0.334375 0.22890625 0.04140625 0.0484375
2 0.65078125 0.15625 0.0171875 0.03359375
2 0.159375 0.1640625 0.02734375 0.04921875
2 0.39140625 0.55234375 0.04921875 0.134375
2 0.33359375 0.53828125 0.04609375 0.1296875
2 0.4625 0.2109375 0.03984375 0.04140625
2 0.340625 0.1578125 0.0359375 0.0546875
2 0.31171875 0.13828125 0.025 0.0359375
2 0.59921875 0.19140625 0.04140625 0.0484375
2 0.3078125 0.20859375 0.03828125 0.05078125
2 0.84921875 0.18125 0.03828125 0.04375
2 0.196875 0.16328125 0.03203125 0.03828125