1 0.471875 0.8296875 0.15859375 0.3390625
1 0.296875 0.09375 0.075 0.046875
1 0.61015625 0.10390625 0.06953125 0.04609375
1 0.88046875 0.9359375 0.23828125 0.12578125
3 0.54609375 0.06015625 0.03515625 0.05546875
3 0.928125 0.25546875 0.028125 0.0484375
3 0.9234375 0.365625 0.03125 0.1296875
3 0.65078125 0.03515625 0.0765625 0.0484375
3 0.46328125 0.05703125 0.02421875 0.04296875
0 0.81015625 0.078125 0.1984375 0.12890625
2 0.37734375 0.390625 0.05390625 0.08671875
2 0.2890625 0.309375 0.04765625 0.07109375
2 0.1640625 0.32578125 0.04765625 0.071875
2 0.078125 0.403125 0.078125 0.08515625
2 0.50234375 0.546875 0.03984375 0.11171875
2 0.34609375 0.928125 0.0703125 0.14140625
2 0.1984375 0.103125 0.02421875 0.034375
2 0.68125 0.153125 0.0328125 0.04609375
2 0.54453125 0.5625 0.0375 0.10859375
2 0.0953125 0.50078125 0.03125 0.06953125
2 0.5 0.1046875 0.028125 0.03125
2 0.446875 0.54296875 0.03984375 0.08828125
2 0.53984375 0.17734375 0.028125 0.053125
2 0.3921875 0.27265625 0.04375 0.06015625
2 0.50546875 0.165625 0.03359375 0.05
2 0.15546875 0.103125 0.0234375 0.03984375
2 0.24453125 0.69921875 0.06953125 0.14296875
2 0.26796875 0.084375 0.0203125 0.03203125
2 0.6203125 0.16953125 0.03203125 0.04453125
2 0.4984375 0.465625 0.03671875 0.09921875
2 0.1625 0.521875 0.02578125 0.07421875
2 0.6296875 0.1296875 0.03046875 0.03671875
2 0.540625 0.4296875 0.03046875 0.08671875
2 0.37265625 0.23984375 0.03515625 0.05390625
2 0.18671875 0.56328125 0.04453125 0.090625
2 0.5890625 0.1578125 0.03203125 0.04140625
2 0.11953125 0.10390625 0.034375 0.034375
2 0.6703125 0.1109375 0.03359375 0.03828125
2 0.6046875 0.87265625 0.04765625 0.12109375
2 0.48046875 0.1546875 0.02734375 0.04453125
2 0.246875 0.95078125 0.06953125 0.096875
2 0.25546875 0.38359375 0.05390625 0.0609375
2 0.0453125 0.096875 0.025 0.034375
4 0.7265625 0.5859375 0.27109375 0.53125
4 0.334375 0.159375 0.22734375 0.18203125