1 0.4765625 0.76953125 0.13984375 0.30546875
1 0.0765625 0.1359375 0.0859375 0.05703125
1 0.01875 0.14453125 0.03671875 0.05859375
3 0.91328125 0.38359375 0.03125 0.13359375
3 0.53984375 0.07265625 0.03515625 0.0546875
3 0.64453125 0.05078125 0.07421875 0.0484375
3 0.72421875 0.05859375 0.0359375 0.05625
3 0.91875 0.27421875 0.02734375 0.0453125
3 0.9078125 0.484375 0.02578125 0.04140625
0 0.7421875 0.653125 0.34921875 0.690625
2 0.2421875 0.775 0.06171875 0.171875
2 0.3421875 0.75859375 0.05546875 0.19921875
2 0.709375 0.20234375 0.04453125 0.053125
2 0.42421875 0.25390625 0.04453125 0.05546875
2 0.6125 0.253125 0.0515625 0.05859375
2 0.340625 0.2109375 0.04453125 0.05
2 0.5890625 0.165625 0.02421875 0.040625
2 0.3984375 0.11796875 0.0125 0.03203125
2 0.22109375 0.18203125 0.03984375 0.0453125
2 0.134375 0.2140625 0.03515625 0.05390625
2 0.509375 0.24140625 0.04609375 0.053125
2 0.071875 0.178125 0.03515625 0.0546875
2 0.10703125 0.6234375 0.05546875 0.159375
2 0.7921875 0.175 0.03671875 0.0484375
2 0.44140625 0.11953125 0.015625 0.0390625
2 0.7578125 0.17109375 0.03515625 0.04609375
2 0.19375 0.709375 0.05703125 0.16875
2 0.2921875 0.6171875 0.0328125 0.103125
2 0.17734375 0.20859375 0.0328125 0.04921875
2 0.02109375 0.49921875 0.0421875 0.1109375
2 0.78515625 0.13046875 0.02890625 0.03359375
2 0.309375 0.14296875 0.0265625 0.034375
2 0.42734375 0.1046875 0.0109375 0.03359375
2 0.36875 0.196875 0.04140625 0.0484375
2 0.39140625 0.55546875 0.0484375 0.13515625
2 0.11640625 0.1765625 0.0421875 0.04609375
2 0.6390625 0.1765625 0.03125 0.040625
2 0.03828125 0.19453125 0.03515625 0.04453125
2 0.61875 0.1859375 0.03359375 0.03984375
2 0.48515625 0.2234375 0.03125 0.05
2 0.5609375 0.1953125 0.03984375 0.04609375
2 0.2828125 0.228125 0.04140625 0.05078125