1 0.59296875 0.184375 0.02890625 0.0453125
1 0.50234375 0.83984375 0.12890625 0.2890625
1 0.05 0.42578125 0.09609375 0.16953125
1 0.553125 0.24140625 0.03203125 0.059375
1 0.63125 0.209375 0.03203125 0.0390625
1 0.50546875 0.175 0.01328125 0.01875
1 0.6125 0.33359375 0.06328125 0.11484375
1 0.63359375 0.18515625 0.02734375 0.0203125
1 0.325 0.18984375 0.04453125 0.0609375
3 0.65625 0.128125 0.07578125 0.05078125
3 0.7359375 0.1359375 0.03828125 0.0609375
3 0.9328125 0.34921875 0.02734375 0.046875
3 0.928125 0.45859375 0.03203125 0.13125
3 0.55625 0.03359375 0.00703125 0.01328125
3 0.58046875 0.03203125 0.05703125 0.01796875
3 0.5875 0.0328125 0.00703125 0.0140625
0 0.7515625 0.690625 0.3484375 0.615625
2 0.46328125 0.3015625 0.03984375 0.04296875
2 0.37734375 0.48828125 0.02421875 0.075
2 0.47890625 0.22578125 0.01328125 0.0296875
2 0.178125 0.45 0.02265625 0.06875
2 0.41953125 0.33984375 0.01796875 0.0515625
4 0.11796875 0.24921875 0.10546875 0.16796875
4 0.1828125 0.278125 0.09140625 0.146875
4 0.2359375 0.21484375 0.07421875 0.11640625
4 0.49765625 0.43046875 0.07890625 0.21484375
4 0.40625 0.15625 0.03203125 0.0703125