1 0.48984375 0.884375 0.16015625 0.22890625
1 0.50390625 0.4359375 0.078125 0.1359375
1 0.60078125 0.1640625 0.03203125 0.053125
1 0.5578125 0.20703125 0.04765625 0.0703125
0 0.73046875 0.5046875 0.17890625 0.5296875
2 0.5390625 0.56171875 0.0421875 0.12421875
2 0.18046875 0.1390625 0.01953125 0.02578125
2 0.178125 0.39140625 0.04765625 0.06796875
2 0.246875 0.1375 0.0234375 0.03046875
2 0.14609375 0.13515625 0.02109375 0.02578125
2 0.47421875 0.21796875 0.01328125 0.034375
2 0.2171875 0.12734375 0.0203125 0.0265625
2 0.30546875 0.14609375 0.02421875 0.025
2 0.4625 0.3375 0.01796875 0.05078125
2 0.796875 0.190625 0.02734375 0.03515625
2 0.415625 0.34375 0.0203125 0.05703125
2 0.04375 0.503125 0.08046875 0.07890625
2 0.125 0.49140625 0.05078125 0.1109375
2 0.37109375 0.31328125 0.02109375 0.05078125
2 0.49296875 0.253125 0.01484375 0.040625
2 0.6953125 0.1609375 0.0125 0.03984375
2 0.50078125 0.2078125 0.01015625 0.02890625
2 0.425 0.29140625 0.01953125 0.04453125
2 0.3890625 0.23515625 0.01796875 0.0390625