1 0.2421875 0.190625 0.05 0.04921875
1 0.48125 0.4609375 0.08046875 0.13203125
1 0.05234375 0.31953125 0.1046875 0.125
1 0.5359375 0.19375 0.03359375 0.05
1 0.58046875 0.20546875 0.0453125 0.07109375
3 0.64609375 0.1078125 0.07734375 0.05859375
3 0.9171875 0.440625 0.03046875 0.12890625
3 0.59140625 0.0140625 0.01484375 0.01328125
3 0.5703125 0.0125 0.05703125 0.01953125
3 0.54609375 0.0140625 0.0078125 0.0140625
3 0.57734375 0.0140625 0.00859375 0.01484375
0 0.715625 0.42890625 0.1421875 0.27578125
2 0.28984375 0.18515625 0.01328125 0.03515625
2 0.60390625 0.31328125 0.02109375 0.06484375
2 0.2171875 0.1875 0.0140625 0.0359375
2 0.409375 0.209375 0.01640625 0.03203125
2 0.44921875 0.3515625 0.015625 0.05703125
2 0.6921875 0.16171875 0.0171875 0.034375
2 0.76484375 0.17109375 0.02421875 0.03984375
2 0.49765625 0.18828125 0.0109375 0.0296875
2 0.740625 0.70625 0.04765625 0.134375
2 0.5171875 0.25390625 0.0140625 0.034375
2 0.80625 0.19921875 0.02421875 0.04921875
2 0.56796875 0.29609375 0.02109375 0.06640625