1 0.04375 0.14140625 0.08203125 0.05859375
1 0.4765625 0.7625 0.13984375 0.30625
1 0.11640625 0.1328125 0.090625 0.06015625
3 0.91328125 0.378125 0.03125 0.13046875
3 0.64453125 0.04375 0.075 0.05
3 0.725 0.05234375 0.03671875 0.05859375
3 0.53984375 0.0671875 0.03515625 0.0546875
3 0.91875 0.26796875 0.028125 0.046875
0 0.7421875 0.65 0.34921875 0.69609375
2 0.3421875 0.753125 0.0546875 0.2
2 0.12734375 0.884375 0.07109375 0.21953125
2 0.29375 0.65703125 0.0453125 0.1390625
2 0.17265625 0.52578125 0.05234375 0.1234375
2 0.784375 0.1734375 0.03828125 0.05
2 0.21328125 0.2140625 0.04375 0.06171875
2 0.421875 0.2125 0.04453125 0.05078125
2 0.4984375 0.2609375 0.046875 0.05546875
2 0.6328125 0.24140625 0.0484375 0.0546875
2 0.45546875 0.12109375 0.01328125 0.04140625
2 0.365625 0.2265625 0.0421875 0.05078125
2 0.71328125 0.18359375 0.0390625 0.0484375
2 0.234375 0.63203125 0.05234375 0.146875
2 0.1265625 0.178125 0.03359375 0.05546875
2 0.69140625 0.165625 0.02578125 0.040625
2 0.596875 0.2234375 0.03828125 0.04921875
2 0.43046875 0.103125 0.01328125 0.04140625
2 0.671875 0.15546875 0.01953125 0.03671875
2 0.78515625 0.12421875 0.02890625 0.03984375
2 0.29921875 0.178125 0.03671875 0.04453125
2 0.865625 0.21015625 0.03828125 0.0484375
2 0.05859375 0.1765625 0.03671875 0.05625
2 0.40234375 0.11640625 0.01484375 0.03515625
2 0.37265625 0.16484375 0.03359375 0.04453125
2 0.01171875 0.16875 0.0234375 0.059375
2 0.44921875 0.1984375 0.04140625 0.046875
2 0.6453125 0.16953125 0.02890625 0.04375
2 0.10703125 0.190625 0.040625 0.05078125
2 0.48984375 0.209375 0.040625 0.046875
2 0.825 0.16875 0.0328125 0.046875
2 0.3171875 0.13359375 0.02421875 0.040625
2 0.57578125 0.20859375 0.03359375 0.04453125
2 0.3578125 0.50625 0.04609375 0.12109375
2 0.390625 0.55078125 0.05078125 0.13515625
2 0.56484375 0.18671875 0.02109375 0.0484375
2 0.16015625 0.175 0.03359375 0.04609375
2 0.225 0.16328125 0.02890625 0.0390625
2 0.740625 0.2515625 0.0546875 0.05859375