1 0.1796875 0.19375 0.0765625 0.05859375
1 0.74296875 0.26640625 0.1203125 0.08515625
1 0.5359375 0.2140625 0.1 0.0796875
1 0.79296875 0.2453125 0.10703125 0.07421875
1 0.50078125 0.86171875 0.14609375 0.275
1 0.62265625 0.18203125 0.02890625 0.05859375
1 0.2515625 0.17109375 0.09609375 0.06171875
1 0.72734375 0.834375 0.16875 0.26171875
1 0.10625 0.82734375 0.2046875 0.34140625
1 0.5640625 0.15859375 0.05390625 0.05703125
1 0.2828125 0.2140625 0.090625 0.071875
1 0.0296875 0.23359375 0.059375 0.0765625
1 0.6921875 0.71171875 0.15234375 0.21171875
1 0.4671875 0.23515625 0.0953125 0.07578125
0 0.07578125 0.171875 0.15078125 0.1203125
0 0.7265625 0.16875 0.18515625 0.12421875
2 0.265625 0.553125 0.05859375 0.0953125
2 0.6625 0.28984375 0.0515625 0.05390625
2 0.57265625 0.5421875 0.03359375 0.115625
2 0.3484375 0.25390625 0.040625 0.059375
2 0.33203125 0.490625 0.03828125 0.10703125
2 0.678125 0.5515625 0.04609375 0.11171875
2 0.24296875 0.9125 0.06640625 0.17109375
2 0.31796875 0.74453125 0.05703125 0.17578125
2 0.33828125 0.87578125 0.059375 0.1859375
2 0.9671875 0.24296875 0.02421875 0.0640625
2 0.50390625 0.265625 0.0421875 0.04921875
2 0.45234375 0.25 0.040625 0.0484375
2 0.38515625 0.75625 0.05625 0.19375
2 0.87890625 0.21640625 0.04140625 0.0453125
2 0.37421875 0.20859375 0.0296875 0.05859375
2 0.496875 0.15703125 0.01796875 0.034375
2 0.5015625 0.53125 0.0421875 0.1234375
2 0.59296875 0.20703125 0.03203125 0.04609375
2 0.27421875 0.23203125 0.03359375 0.040625