1 0.4765625 0.759375 0.13984375 0.30625
1 0.14609375 0.13125 0.084375 0.06171875
1 0.08671875 0.13984375 0.08359375 0.059375
3 0.64453125 0.03984375 0.07578125 0.0484375
3 0.9140625 0.3734375 0.03203125 0.13046875
3 0.53984375 0.06328125 0.034375 0.05390625
3 0.725 0.0484375 0.0359375 0.05859375
3 0.48359375 0.0546875 0.075 0.0484375
3 0.91875 0.26484375 0.028125 0.04609375
0 0.74140625 0.6484375 0.35 0.7
2 0.16328125 0.8171875 0.07265625 0.196875
2 0.26484375 0.5765625 0.0484375 0.13828125
2 0.3421875 0.74921875 0.05546875 0.1984375
2 0.028125 0.9046875 0.05546875 0.1890625
2 0.2359375 0.46328125 0.0546875 0.10546875
2 0.05078125 0.17265625 0.03359375 0.05078125
2 0.4359375 0.45 0.05546875 0.1
2 0.171875 0.1890625 0.04296875 0.05078125
2 0.85625 0.2484375 0.0546875 0.06796875
2 0.496875 0.21328125 0.04609375 0.053125
2 0.74765625 0.23828125 0.05078125 0.059375
2 0.4390625 0.2265625 0.04296875 0.0515625
2 0.80703125 0.19375 0.04375 0.04921875
2 0.565625 0.26796875 0.04921875 0.06328125
2 0.10703125 0.1765625 0.03515625 0.05703125
2 0.659375 0.20859375 0.03828125 0.0453125
2 0.4078125 0.11640625 0.01484375 0.0359375
2 0.290625 0.2203125 0.0453125 0.059375
2 0.33046875 0.578125 0.04453125 0.11171875
2 0.471875 0.1234375 0.01484375 0.04140625
2 0.70078125 0.22421875 0.05078125 0.053125
2 0.28515625 0.08359375 0.01953125 0.02578125
2 0.55625 0.20703125 0.0421875 0.05
2 0.9703125 0.18125 0.0421875 0.0515625
2 0.2375 0.203125 0.0375 0.0546875
2 0.37109375 0.17734375 0.034375 0.04375
2 0.7546875 0.16875 0.03828125 0.04296875
2 0.7859375 0.11796875 0.02890625 0.03828125
2 0.3953125 0.209375 0.04453125 0.0546875
2 0.86484375 0.18046875 0.04296875 0.05078125
2 0.45390625 0.11875 0.01171875 0.03203125
2 0.4375 0.10859375 0.01640625 0.034375
2 0.390625 0.559375 0.046875 0.10703125
2 0.44453125 0.1703125 0.03671875 0.04296875
2 0.7 0.178125 0.03984375 0.05078125
2 0.28125 0.1640625 0.03359375 0.0390625
2 0.0109375 0.1578125 0.021875 0.046875