1 0.0296875 0.1421875 0.059375 0.05859375
1 0.4765625 0.76796875 0.13984375 0.30546875
1 0.09453125 0.13203125 0.08515625 0.05390625
3 0.91328125 0.38125 0.03125 0.13046875
3 0.53984375 0.06953125 0.03515625 0.0546875
3 0.64453125 0.046875 0.07421875 0.05
3 0.72421875 0.05625 0.03671875 0.05625
3 0.17109375 0.03046875 0.0109375 0.059375
0 0.7421875 0.6515625 0.35078125 0.69296875
2 0.0984375 0.9171875 0.07421875 0.1640625
2 0.3421875 0.75625 0.0546875 0.20078125
2 0.1375 0.571875 0.05234375 0.14296875
2 0.26875 0.71875 0.05390625 0.15390625
2 0.78046875 0.2078125 0.04921875 0.04921875
2 0.459375 0.25625 0.0453125 0.05546875
2 0.56640625 0.2390625 0.046875 0.05625
2 0.2578125 0.1796875 0.04140625 0.04609375
2 0.17109375 0.21875 0.0375 0.04921875
2 0.67109375 0.25078125 0.05546875 0.0640625
2 0.378125 0.21171875 0.04453125 0.0515625
2 0.6140625 0.16953125 0.02890625 0.04296875
2 0.13359375 0.17265625 0.034375 0.0546875
2 0.4453125 0.11875 0.01796875 0.04453125
2 0.02890625 0.178125 0.0359375 0.05625
2 0.53671875 0.22421875 0.034375 0.04609375
2 0.3171875 0.57578125 0.03359375 0.084375
2 0.09609375 0.17890625 0.034375 0.0546875
2 0.06875 0.19296875 0.04296875 0.0453125
2 0.790625 0.17109375 0.03984375 0.0453125
2 0.4 0.11796875 0.0140625 0.03359375
2 0.403125 0.196875 0.04296875 0.053125
2 0.32109375 0.2265625 0.0421875 0.053125
2 0.43046875 0.10390625 0.01640625 0.0359375
2 0.740625 0.1734375 0.03515625 0.0453125
2 0.64765625 0.1515625 0.02890625 0.04140625
2 0.39140625 0.553125 0.0484375 0.13359375
2 0.58984375 0.1953125 0.03984375 0.04296875
2 0.6671875 0.18125 0.04765625 0.0453125
2 0.18359375 0.2015625 0.0484375 0.06640625
2 0.78515625 0.13359375 0.02890625 0.0296875
2 0.45 0.2109375 0.03984375 0.04140625
2 0.834375 0.18046875 0.0390625 0.04296875
2 0.18671875 0.1640625 0.03203125 0.0390625
2 0.21328125 0.671875 0.05390625 0.16015625