1 0.4796875 0.9265625 0.18671875 0.1453125
1 0.66015625 0.17734375 0.10234375 0.06796875
1 0.31484375 0.14375 0.05546875 0.0609375
1 0.02734375 0.1140625 0.05390625 0.0484375
3 0.64765625 0.04140625 0.07734375 0.05
3 0.91796875 0.34140625 0.03515625 0.19921875
3 0.72734375 0.05078125 0.03828125 0.06015625
3 0.4859375 0.05546875 0.0765625 0.05
3 0.92265625 0.26640625 0.02734375 0.046875
2 0.21171875 0.37421875 0.0375 0.08515625
2 0.053125 0.88828125 0.06484375 0.2140625
2 0.5234375 0.7546875 0.05859375 0.14609375
2 0.396875 0.2265625 0.0421875 0.0546875
2 0.64765625 0.2234375 0.0453125 0.05390625
2 0.4921875 0.240625 0.05703125 0.059375
2 0.8140625 0.2265625 0.05078125 0.0515625
2 0.1953125 0.19296875 0.03828125 0.05390625
2 0.6921875 0.2484375 0.05 0.05390625
2 0.59296875 0.90546875 0.05859375 0.1859375
2 0.86484375 0.2578125 0.04375 0.06796875
2 0.34609375 0.21640625 0.04140625 0.05078125
2 0.625 0.13203125 0.0203125 0.04296875
2 0.47109375 0.16171875 0.028125 0.0453125
2 0.278125 0.221875 0.0484375 0.05625
2 0.7453125 0.234375 0.04921875 0.05703125
2 0.27109375 0.73125 0.05234375 0.178125
2 0.134375 0.8640625 0.0671875 0.21796875
2 0.58046875 0.73671875 0.04765625 0.14921875
2 0.66171875 0.08046875 0.01171875 0.02890625
2 0.41328125 0.071875 0.01640625 0.03046875
2 0.01640625 0.76953125 0.0328125 0.1765625
2 0.2 0.79921875 0.0625 0.14453125
2 0.6921875 0.1484375 0.021875 0.03359375
2 0.2953125 0.178125 0.04375 0.05390625
2 0.540625 0.23359375 0.0453125 0.05390625
2 0.0078125 0.1890625 0.015625 0.0515625