1 0.4796875 0.93828125 0.1875 0.121875
1 0.7125 0.18359375 0.0765625 0.07109375
1 0.31015625 0.1765625 0.09375 0.06875
1 0.57734375 0.1453125 0.06953125 0.05546875
1 0.575 0.103125 0.03046875 0.03359375
1 0.4875 0.1859375 0.0734375 0.05859375
1 0.25859375 0.165625 0.04609375 0.053125
3 0.646875 0.06484375 0.07578125 0.0515625
3 0.7265625 0.0734375 0.03828125 0.06015625
3 0.54375 0.08828125 0.03515625 0.05546875
3 0.9171875 0.39765625 0.03203125 0.13046875
3 0.92109375 0.28828125 0.02734375 0.04609375
0 0.14765625 0.18359375 0.190625 0.14296875
2 0.38828125 0.23671875 0.0421875 0.05546875
2 0.66640625 0.27421875 0.05078125 0.05390625
2 0.58125 0.234375 0.04375 0.05703125
2 0.77734375 0.4359375 0.025 0.05859375
2 0.8609375 0.23671875 0.04921875 0.05546875
2 0.45859375 0.22734375 0.04140625 0.0546875
2 0.34140625 0.21640625 0.03984375 0.0484375
2 0.80234375 0.25546875 0.05390625 0.06171875
2 0.525 0.228125 0.04140625 0.05
2 0.43984375 0.1421875 0.01328125 0.0359375
2 0.2703125 0.75390625 0.05234375 0.1796875
2 0.41015625 0.17578125 0.034375 0.04609375
2 0.03984375 0.19453125 0.03515625 0.05
2 0.7140625 0.259375 0.05078125 0.0546875
2 0.66171875 0.10390625 0.01171875 0.02890625
2 0.6828125 0.19921875 0.0296875 0.03671875
2 0.0109375 0.109375 0.01640625 0.04453125
2 0.97890625 0.27890625 0.04140625 0.08046875
2 0.1921875 0.740625 0.06328125 0.15390625
2 0.46328125 0.121875 0.00859375 0.03046875
2 0.75625 0.20859375 0.0328125 0.040625
2 0.4765625 0.13828125 0.01171875 0.03359375
2 0.22109375 0.93828125 0.06875 0.12109375
2 0.03984375 0.959375 0.06796875 0.07890625
2 0.80546875 0.159375 0.02265625 0.040625
2 0.38515625 0.103125 0.01015625 0.0234375
2 0.63515625 0.17890625 0.028125 0.04375
2 0.74140625 0.95625 0.0703125 0.0859375
2 0.4671875 0.2125 0.04453125 0.0640625
2 0.36015625 0.1734375 0.03671875 0.05078125
2 0.19921875 0.821875 0.06328125 0.14921875
2 0.77890625 0.23203125 0.03671875 0.04375