1 0.58046875 0.10625 0.05703125 0.04296875
1 0.35 0.18359375 0.08203125 0.0734375
1 0.4796875 0.9390625 0.1875 0.11953125
1 0.528125 0.190625 0.0953125 0.0609375
1 0.74921875 0.19140625 0.08984375 0.0734375
1 0.59453125 0.14609375 0.0671875 0.05
3 0.91640625 0.40078125 0.03125 0.1296875
3 0.646875 0.06640625 0.0765625 0.0515625
3 0.54375 0.090625 0.03515625 0.0546875
3 0.72734375 0.07578125 0.03828125 0.059375
0 0.2203125 0.19375 0.19765625 0.1453125
2 0.46171875 0.246875 0.04453125 0.059375
2 0.2703125 0.75546875 0.05390625 0.17890625
2 0.73046875 0.884375 0.059375 0.21953125
2 0.66015625 0.24453125 0.04453125 0.05546875
2 0.53359375 0.23359375 0.04296875 0.05859375
2 0.759375 0.28125 0.05390625 0.05390625
2 0.0421875 0.19296875 0.03203125 0.04296875
2 0.8296875 0.38828125 0.03515625 0.0609375
2 0.4390625 0.18046875 0.034375 0.04609375
2 0.48984375 0.1453125 0.01328125 0.03671875
2 0.81171875 0.2671875 0.059375 0.06171875
2 0.40625 0.228125 0.0390625 0.0453125
2 0.021875 0.17421875 0.0265625 0.0390625
2 0.1921875 0.73828125 0.06328125 0.14921875
2 0.52109375 0.14609375 0.01484375 0.0296875
2 0.4703125 0.12890625 0.01015625 0.034375
2 0.1109375 0.20625 0.03046875 0.04453125
2 0.66171875 0.10703125 0.01171875 0.0265625
2 0.40546875 0.0984375 0.01484375 0.02578125
2 0.6765625 0.178125 0.015625 0.02890625
2 0.80546875 0.1609375 0.02421875 0.040625
2 0.5078125 0.14765625 0.01484375 0.034375
2 0.19921875 0.8265625 0.06328125 0.14609375
2 0.73046875 0.21015625 0.04140625 0.04609375
2 0.3359375 0.86328125 0.05625 0.171875
2 0.8734375 0.2359375 0.03046875 0.04921875
2 0.59140625 0.2328125 0.04296875 0.053125
2 0.22109375 0.92578125 0.06796875 0.146875