1 0.484375 0.5984375 0.11171875 0.23125
1 0.48984375 0.371875 0.0625 0.109375
1 0.60390625 0.1265625 0.015625 0.0234375
1 0.1953125 0.20390625 0.0671875 0.0796875
1 0.55078125 0.17578125 0.03671875 0.05859375
3 0.72578125 0.10703125 0.0375 0.05859375
3 0.646875 0.09921875 0.07421875 0.05
3 0.92109375 0.321875 0.02734375 0.04609375
3 0.91640625 0.43046875 0.03046875 0.12890625
3 0.54296875 0.1203125 0.03515625 0.0515625
3 0.5859375 0.00546875 0.02421875 0.0109375
3 0.48671875 0.1140625 0.07578125 0.0484375
2 0.05078125 0.52421875 0.07578125 0.0984375
2 0.39765625 0.1875 0.01796875 0.03984375
2 0.3234375 0.1609375 0.02734375 0.040625
2 0.775 0.35 0.03203125 0.0484375
2 0.39296875 0.3046875 0.01796875 0.0609375
2 0.521875 0.15625 0.00859375 0.0234375
2 0.471875 0.14921875 0.0109375 0.0234375
2 0.2265625 0.17109375 0.015625 0.034375
4 0.096875 0.221875 0.1484375 0.20078125
4 0.71796875 0.5765625 0.26328125 0.61953125