1 0.4796875 0.9390625 0.1875 0.11953125
1 0.34375 0.18359375 0.0875 0.0734375
1 0.52421875 0.190625 0.09453125 0.06015625
1 0.74453125 0.190625 0.08984375 0.07421875
3 0.9171875 0.40078125 0.0328125 0.13046875
3 0.54296875 0.09140625 0.03515625 0.05546875
0 0.2109375 0.19296875 0.196875 0.14453125
2 0.65078125 0.24453125 0.0453125 0.053125
2 0.2703125 0.75546875 0.05390625 0.17890625
2 0.82421875 0.390625 0.03671875 0.06640625
2 0.7484375 0.28046875 0.053125 0.0546875
2 0.4515625 0.246875 0.0453125 0.05859375
2 0.525 0.23359375 0.0421875 0.05703125
2 0.3984375 0.225 0.04140625 0.05
2 0.0359375 0.19140625 0.03203125 0.04375
2 0.73203125 0.89453125 0.06171875 0.20625
2 0.79921875 0.26640625 0.05859375 0.06015625
2 0.43515625 0.1828125 0.034375 0.04140625
2 0.725 0.20859375 0.03984375 0.04453125
2 0.46875 0.13046875 0.00859375 0.0296875
2 0.8734375 0.26796875 0.0296875 0.05078125
2 0.48828125 0.1453125 0.01328125 0.03515625
2 0.58359375 0.23359375 0.04296875 0.04921875
2 0.1921875 0.73828125 0.06328125 0.1484375
2 0.67109375 0.178125 0.01640625 0.0265625
2 0.103125 0.20546875 0.03203125 0.046875
2 0.9453125 0.20625 0.01953125 0.0453125
2 0.66171875 0.10703125 0.01171875 0.0265625
2 0.51953125 0.14609375 0.01328125 0.028125
2 0.19921875 0.8265625 0.06328125 0.14609375
2 0.86953125 0.23515625 0.0375 0.0484375
2 0.3359375 0.86328125 0.05703125 0.1703125
2 0.0171875 0.171875 0.02578125 0.03984375
2 0.22109375 0.925 0.06796875 0.1484375