1 0.48828125 0.40859375 0.07265625 0.115625
1 0.22890625 0.19375 0.05234375 0.053125
1 0.540625 0.1859375 0.03125 0.05
1 0.04296875 0.3359375 0.0859375 0.13359375
1 0.52109375 0.30234375 0.05 0.103125
1 0.58671875 0.19375 0.04140625 0.06640625
3 0.646875 0.10625 0.07578125 0.0609375
3 0.55390625 0.0125 0.02421875 0.015625
3 0.5703125 0.01171875 0.05703125 0.01953125
3 0.91796875 0.43125 0.03828125 0.259375
0 0.734375 0.40078125 0.15234375 0.2546875
2 0.1984375 0.190625 0.01640625 0.04375
2 0.50703125 0.17578125 0.01015625 0.0296875
2 0.67734375 0.16015625 0.015625 0.02421875
2 0.396875 0.12578125 0.009375 0.025
2 0.278125 0.1890625 0.01328125 0.0359375
2 0.74296875 0.17109375 0.021875 0.02890625
2 0.45859375 0.32265625 0.01484375 0.05859375
2 0.53125 0.23828125 0.01171875 0.028125
2 0.60703125 0.29296875 0.01796875 0.059375
2 0.72734375 0.63828125 0.0359375 0.12109375
2 0.40390625 0.2109375 0.01640625 0.034375
2 0.57265625 0.278125 0.01953125 0.0609375
2 0.80546875 0.20078125 0.02265625 0.04296875