1 0.48046875 0.9265625 0.18828125 0.1453125
1 0.8421875 0.19296875 0.1 0.08671875
1 0.33359375 0.19609375 0.11875 0.071875
1 0.6375 0.1734375 0.07734375 0.06328125
1 0.2796875 0.140625 0.0484375 0.05859375
3 0.72734375 0.05 0.0375 0.059375
3 0.646875 0.04140625 0.07734375 0.05
3 0.9171875 0.375 0.03203125 0.1296875
3 0.921875 0.265625 0.02734375 0.046875
3 0.4859375 0.05625 0.07734375 0.053125
2 0.18828125 0.35390625 0.03359375 0.08203125
2 0.52421875 0.75390625 0.0578125 0.14921875
2 0.2140625 0.2109375 0.04609375 0.0640625
2 0.60859375 0.24140625 0.05078125 0.0546875
2 0.8546875 0.23359375 0.05234375 0.05546875
2 0.0296875 0.92734375 0.059375 0.1421875
2 0.47109375 0.2265625 0.04609375 0.0546875
2 0.15625 0.190625 0.03671875 0.0515625
2 0.61953125 0.0984375 0.01015625 0.02890625
2 0.58046875 0.73828125 0.046875 0.153125
2 0.775 0.2609375 0.05703125 0.0546875
2 0.31953125 0.2203125 0.046875 0.05546875
2 0.57109375 0.2171875 0.03984375 0.0546875
2 0.13359375 0.86484375 0.06640625 0.21640625
2 0.66171875 0.23125 0.046875 0.05390625
2 0.7328125 0.22265625 0.0421875 0.05078125
2 0.6859375 0.1953125 0.04609375 0.04453125
2 0.6265625 0.1296875 0.01484375 0.02578125
2 0.4140625 0.0734375 0.01640625 0.0296875
2 0.6609375 0.08203125 0.0109375 0.0265625
2 0.2 0.8 0.0625 0.14453125
2 0.6609375 0.14296875 0.02265625 0.03046875
2 0.015625 0.80859375 0.03125 0.1296875
2 0.27109375 0.73125 0.05234375 0.17890625
2 0.540625 0.1125 0.0109375 0.0234375
2 0.2625 0.17421875 0.0296875 0.04609375
2 0.78984375 0.21171875 0.040625 0.0546875
2 0.415625 0.22890625 0.04453125 0.0640625
2 0.59453125 0.9125 0.06015625 0.17109375
2 0.72734375 0.16171875 0.03515625 0.0359375
2 0.5984375 0.1890625 0.04140625 0.04375
4 0.4984375 0.171875 0.12578125 0.11484375
4 0.3578125 0.14140625 0.1140625 0.10703125