1 0.4828125 0.6453125 0.12265625 0.259375
1 0.4875 0.3859375 0.06640625 0.115625
1 0.60234375 0.12109375 0.01875 0.02578125
1 0.5484375 0.1734375 0.0375 0.06328125
1 0.2 0.19140625 0.06484375 0.078125
3 0.54296875 0.11171875 0.03515625 0.05390625
3 0.72578125 0.09921875 0.0375 0.059375
3 0.9203125 0.31328125 0.02734375 0.046875
3 0.64609375 0.090625 0.07578125 0.0515625
3 0.8296875 0.128125 0.00859375 0.0234375
3 0.91640625 0.42265625 0.03203125 0.13046875
3 0.5125 0.10625 0.02421875 0.0453125
2 0.06875 0.521875 0.0671875 0.096875
2 0.38125 0.31953125 0.01953125 0.06640625
2 0.51484375 0.15390625 0.01015625 0.03046875
2 0.39765625 0.1796875 0.01875 0.040625
2 0.3296875 0.1546875 0.01171875 0.03515625
2 0.8046875 0.184375 0.0234375 0.04375
2 0.24140625 0.15625 0.0140625 0.04375
2 0.47421875 0.1390625 0.0125 0.025
2 0.4953125 0.18203125 0.01328125 0.02890625
4 0.103125 0.21015625 0.14609375 0.1984375
4 0.74609375 0.63125 0.32734375 0.7015625
4 0.85390625 0.3328125 0.06796875 0.1453125