1 0.2390625 0.190625 0.05078125 0.05
1 0.4828125 0.44609375 0.07890625 0.128125
1 0.04921875 0.32421875 0.0984375 0.1265625
1 0.5375 0.19140625 0.0328125 0.04921875
1 0.58203125 0.2015625 0.04453125 0.06953125
1 0.51640625 0.3203125 0.05234375 0.1109375
3 0.646875 0.10703125 0.0765625 0.05703125
3 0.91796875 0.43984375 0.03046875 0.1296875
3 0.5859375 0.01328125 0.02578125 0.01484375
0 0.71953125 0.42109375 0.14453125 0.26953125
2 0.2125 0.1859375 0.01484375 0.040625
2 0.56953125 0.29140625 0.021875 0.0640625
2 0.28671875 0.18671875 0.01328125 0.034375
2 0.5 0.184375 0.01015625 0.03125
2 0.759375 0.17265625 0.02421875 0.03203125
2 0.40859375 0.20859375 0.015625 0.03515625
2 0.68828125 0.1609375 0.01640625 0.0296875
2 0.52109375 0.2484375 0.0140625 0.03359375
2 0.6046875 0.30625 0.02109375 0.0640625
2 0.45234375 0.34296875 0.015625 0.05546875
2 0.73515625 0.6890625 0.04140625 0.12890625
2 0.80546875 0.20078125 0.02265625 0.04453125
2 0.59453125 0.13671875 0.00859375 0.02421875