1 0.5625 0.19140625 0.04453125 0.06796875
1 0.50859375 0.38359375 0.0703125 0.11875
1 0.48984375 0.85390625 0.15078125 0.290625
1 0.33125 0.1109375 0.06328125 0.04453125
1 0.6015625 0.15546875 0.03046875 0.046875
1 0.01171875 0.365625 0.0234375 0.0765625
0 0.7140625 0.44453125 0.15390625 0.45546875
2 0.79296875 0.90859375 0.06875 0.175
2 0.4015625 0.27578125 0.01796875 0.03984375
2 0.48359375 0.284375 0.01484375 0.04453125
2 0.50546875 0.22109375 0.01328125 0.040625
2 0.34375 0.14921875 0.0265625 0.028125
2 0.08515625 0.12734375 0.01953125 0.03203125
2 0.21484375 0.20234375 0.03515625 0.04375
2 0.1765625 0.3890625 0.04921875 0.0734375
2 0.259375 0.14296875 0.02265625 0.0234375
2 0.44609375 0.28984375 0.02265625 0.05546875
2 0.796875 0.190625 0.02734375 0.03515625
2 0.49140625 0.1984375 0.01328125 0.03359375
2 0.47421875 0.13046875 0.01171875 0.02578125
2 0.12734375 0.134375 0.01953125 0.025
2 0.16171875 0.12421875 0.01953125 0.0265625
2 0.378125 0.2140625 0.01484375 0.03203125
2 0.20234375 0.134375 0.02890625 0.025
2 0.5703125 0.51328125 0.0296875 0.08828125
2 0.11796875 0.49296875 0.0546875 0.1015625
2 0.01484375 0.1796875 0.0296875 0.04609375
2 0.04453125 0.48359375 0.08046875 0.12421875
4 0.1296875 0.259375 0.0859375 0.1390625