1 0.06171875 0.13984375 0.08359375 0.059375
1 0.4765625 0.7609375 0.13984375 0.30546875
1 0.128125 0.1296875 0.08515625 0.05546875
3 0.9140625 0.375 0.03046875 0.13125
3 0.53984375 0.065625 0.03515625 0.0546875
3 0.91875 0.26640625 0.02734375 0.04609375
3 0.64453125 0.0421875 0.07578125 0.05078125
3 0.48359375 0.05625 0.0765625 0.0484375
0 0.74140625 0.6484375 0.35 0.69921875
2 0.1984375 0.49609375 0.053125 0.11328125
2 0.14375 0.85 0.06796875 0.20703125
2 0.3421875 0.7515625 0.0546875 0.19921875
2 0.02578125 0.171875 0.034375 0.05078125
2 0.45390625 0.21328125 0.0453125 0.0515625
2 0.0796875 0.1765625 0.0359375 0.05546875
2 0.78984375 0.24921875 0.05546875 0.0609375
2 0.13359375 0.18828125 0.04140625 0.053125
2 0.68046875 0.23828125 0.053125 0.05859375
2 0.31015625 0.62109375 0.04453125 0.1296875
2 0.3953125 0.22578125 0.04453125 0.053125
2 0.52734375 0.2640625 0.04765625 0.05703125
2 0.74921875 0.18671875 0.040625 0.04921875
2 0.81875 0.17421875 0.0390625 0.053125
2 0.4625 0.121875 0.01484375 0.040625
2 0.64140625 0.2234375 0.04453125 0.0515625
2 0.78515625 0.11953125 0.02890625 0.03984375
2 0.40546875 0.11875 0.01484375 0.03125
2 0.85390625 0.17109375 0.046875 0.05390625
2 0.21875 0.20390625 0.03046875 0.05
2 0.71796875 0.1640625 0.028125 0.04140625
2 0.35625 0.20625 0.0359375 0.05703125
2 0.5171875 0.20859375 0.0453125 0.046875
2 0.17578125 0.171875 0.040625 0.05390625
2 0.6703125 0.1703125 0.03046875 0.04453125
2 0.3890625 0.559375 0.0453125 0.11015625
2 0.2484375 0.60703125 0.05078125 0.14296875
2 0.15 0.178125 0.034375 0.05546875
2 0.61328125 0.20703125 0.03828125 0.0453125
2 0.33125 0.1765625 0.03671875 0.04453125
2 0.69453125 0.15703125 0.021875 0.03671875
2 0.4484375 0.11171875 0.0109375 0.04296875
2 0.403125 0.16875 0.03515625 0.040625
2 0.24765625 0.16328125 0.03359375 0.0390625
2 0.24765625 0.21953125 0.040625 0.0546875