1 0.4796875 0.93828125 0.1875 0.121875
1 0.31171875 0.17734375 0.09375 0.06796875
1 0.48984375 0.1859375 0.075 0.05859375
1 0.7140625 0.18359375 0.07578125 0.0703125
1 0.578125 0.14453125 0.06953125 0.053125
1 0.2609375 0.165625 0.04453125 0.053125
3 0.91796875 0.3640625 0.034375 0.2
3 0.72734375 0.07421875 0.0375 0.06015625
3 0.54375 0.08828125 0.03515625 0.05546875
3 0.646875 0.06484375 0.0765625 0.0515625
0 0.1515625 0.184375 0.18984375 0.14296875
2 0.78125 0.43359375 0.025 0.05625
2 0.3921875 0.23828125 0.04296875 0.0546875
2 0.4625 0.228125 0.04140625 0.0546875
2 0.04375 0.1921875 0.03515625 0.0546875
2 0.58515625 0.23359375 0.0453125 0.06015625
2 0.8078125 0.25625 0.05390625 0.06015625
2 0.8640625 0.23828125 0.04765625 0.05390625
2 0.63671875 0.17578125 0.02734375 0.0390625
2 0.52890625 0.22890625 0.04140625 0.05
2 0.2703125 0.75390625 0.05234375 0.17890625
2 0.43984375 0.14296875 0.01328125 0.03515625
2 0.34453125 0.21640625 0.04140625 0.05
2 0.04140625 0.96171875 0.06796875 0.07421875
2 0.71953125 0.2609375 0.05078125 0.05390625
2 0.76015625 0.20859375 0.0359375 0.040625
2 0.66171875 0.1046875 0.01171875 0.0296875
2 0.98046875 0.296875 0.03828125 0.040625
2 0.6859375 0.2 0.03046875 0.0390625
2 0.74140625 0.953125 0.06953125 0.09296875
2 0.47734375 0.1390625 0.01171875 0.03515625
2 0.22109375 0.92421875 0.06953125 0.146875
2 0.38515625 0.10390625 0.01015625 0.025
2 0.80546875 0.159375 0.0234375 0.04140625
2 0.1921875 0.734375 0.06328125 0.1453125
2 0.41171875 0.17734375 0.03359375 0.04375
2 0.24921875 0.20078125 0.01640625 0.05546875
2 0.78984375 0.23125 0.05078125 0.0484375
2 0.3609375 0.1734375 0.0390625 0.053125
2 0.47109375 0.2140625 0.04453125 0.06328125
2 0.00859375 0.11015625 0.0171875 0.04296875
2 0.671875 0.275 0.0515625 0.05390625