1 0.48984375 0.8484375 0.14765625 0.30078125
1 0.56328125 0.190625 0.04375 0.06640625
1 0.6015625 0.15390625 0.03046875 0.0484375
1 0.509375 0.38203125 0.06953125 0.1265625
1 0.3265625 0.11171875 0.06484375 0.0453125
0 0.71171875 0.4359375 0.15078125 0.44609375
2 0.3078125 0.95703125 0.06640625 0.08359375
2 0.57578125 0.490625 0.03203125 0.11328125
2 0.375 0.21015625 0.01484375 0.03515625
2 0.33828125 0.1484375 0.0265625 0.0296875
2 0.21796875 0.2015625 0.03515625 0.046875
2 0.1765625 0.38671875 0.04921875 0.078125
2 0.50703125 0.21640625 0.01328125 0.03671875
2 0.40546875 0.26796875 0.01796875 0.040625
2 0.1203125 0.1328125 0.01953125 0.0265625
2 0.48671875 0.27890625 0.01484375 0.03984375
2 0.796875 0.190625 0.02734375 0.0359375
2 0.11875 0.459375 0.0546875 0.16875
2 0.47421875 0.13046875 0.0109375 0.0265625
2 0.49453125 0.19453125 0.01328125 0.03203125
2 0.04453125 0.48125 0.08046875 0.128125
2 0.77890625 0.8703125 0.06875 0.1796875
2 0.2515625 0.13359375 0.02265625 0.04296875
2 0.0765625 0.128125 0.01953125 0.0296875
2 0.15234375 0.12578125 0.01875 0.02578125
2 0.44921875 0.28515625 0.0203125 0.05
2 0.1953125 0.134375 0.0296875 0.02421875
2 0.0140625 0.17734375 0.028125 0.0484375
4 0.1234375 0.2640625 0.08671875 0.140625