1 0.48203125 0.6515625 0.12421875 0.265625
1 0.4875 0.38671875 0.06640625 0.11640625
1 0.60234375 0.11953125 0.01875 0.0265625
1 0.20078125 0.190625 0.065625 0.078125
1 0.5484375 0.17265625 0.03828125 0.06171875
3 0.54296875 0.11171875 0.0359375 0.05390625
3 0.72578125 0.09921875 0.0375 0.059375
3 0.9203125 0.31328125 0.02734375 0.0484375
3 0.91640625 0.421875 0.03125 0.13046875
3 0.64609375 0.090625 0.07578125 0.05078125
3 0.8296875 0.128125 0.009375 0.0234375
3 0.4859375 0.10546875 0.07578125 0.0484375
2 0.07109375 0.521875 0.06640625 0.096875
2 0.38046875 0.32109375 0.01953125 0.06640625
2 0.51328125 0.1546875 0.01015625 0.03125
2 0.33046875 0.15078125 0.01171875 0.03515625
2 0.396875 0.178125 0.01796875 0.04296875
2 0.2421875 0.1546875 0.0140625 0.04296875
2 0.47421875 0.1390625 0.01328125 0.02421875
2 0.8046875 0.18359375 0.02421875 0.04375
4 0.10390625 0.209375 0.14609375 0.1984375
4 0.8515625 0.33359375 0.07265625 0.14453125
4 0.7484375 0.6390625 0.33359375 0.71484375