1 0.5578125 0.20859375 0.04765625 0.07109375
1 0.478125 0.88828125 0.1859375 0.22109375
1 0.50390625 0.44375 0.07890625 0.14140625
1 0.60078125 0.16640625 0.03359375 0.053125
1 0.0375 0.33125 0.075 0.11640625
0 0.73125 0.51015625 0.18203125 0.53515625
2 0.36796875 0.31875 0.02109375 0.05
2 0.41328125 0.34921875 0.02109375 0.06015625
2 0.2515625 0.13984375 0.02265625 0.028125
2 0.53515625 0.56875 0.04296875 0.1234375
2 0.178125 0.39140625 0.04765625 0.06796875
2 0.69609375 0.16171875 0.01328125 0.040625
2 0.18515625 0.1375 0.01953125 0.02890625
2 0.31015625 0.14609375 0.02421875 0.025
2 0.22265625 0.12734375 0.0203125 0.0265625
2 0.38984375 0.23671875 0.01796875 0.040625
2 0.04453125 0.503125 0.08203125 0.08125
2 0.4734375 0.2171875 0.0140625 0.03984375
2 0.1515625 0.1359375 0.02109375 0.0265625
2 0.421875 0.3015625 0.01640625 0.03671875
2 0.4921875 0.25546875 0.015625 0.04296875
2 0.1296875 0.49375 0.06171875 0.10703125
2 0.4265625 0.2515625 0.01484375 0.0296875
2 0.46015625 0.3421875 0.01796875 0.0546875
2 0.796875 0.19140625 0.02734375 0.034375