1 0.59296875 0.18359375 0.028125 0.0453125
1 0.50234375 0.828125 0.12734375 0.28125
1 0.0484375 0.42890625 0.0921875 0.171875
1 0.4328125 0.14609375 0.02734375 0.03203125
1 0.50703125 0.175 0.01171875 0.01875
1 0.63125 0.2015625 0.0328125 0.05390625
1 0.6125 0.33125 0.06328125 0.1140625
1 0.553125 0.240625 0.03203125 0.059375
1 0.32421875 0.19140625 0.04609375 0.06171875
1 0.98984375 0.22109375 0.01953125 0.04296875
3 0.65625 0.128125 0.07578125 0.05078125
3 0.7359375 0.1359375 0.03828125 0.0609375
3 0.928125 0.45859375 0.03203125 0.13125
3 0.55625 0.03359375 0.0078125 0.01328125
3 0.5875 0.03359375 0.00703125 0.01484375
3 0.58046875 0.03203125 0.05625 0.01875
0 0.746875 0.68984375 0.3390625 0.61640625
2 0.45859375 0.303125 0.03984375 0.040625
2 0.4796875 0.225 0.01328125 0.0296875
2 0.178125 0.45078125 0.02265625 0.06953125
2 0.38046875 0.46640625 0.028125 0.09921875
2 0.42265625 0.33515625 0.01875 0.05703125
4 0.11484375 0.25078125 0.10859375 0.16953125
4 0.18125 0.27890625 0.09140625 0.146875
4 0.23203125 0.21640625 0.07734375 0.11640625
4 0.49765625 0.4265625 0.07890625 0.2109375
4 0.3046875 0.16796875 0.0671875 0.0859375
4 0.40546875 0.1578125 0.02890625 0.06953125