1 0.24296875 0.190625 0.05 0.04921875
1 0.48046875 0.46640625 0.08046875 0.134375
1 0.053125 0.31953125 0.10546875 0.12421875
1 0.5359375 0.19453125 0.0328125 0.05
1 0.5796875 0.20625 0.04609375 0.07109375
3 0.9171875 0.43984375 0.03046875 0.1296875
3 0.646875 0.10625 0.07734375 0.06640625
3 0.59140625 0.01484375 0.01484375 0.01328125
3 0.54609375 0.0140625 0.0078125 0.0140625
3 0.5703125 0.01328125 0.0578125 0.0203125
3 0.578125 0.0140625 0.0078125 0.01484375
3 0.559375 0.01328125 0.01328125 0.01328125
3 0.9171875 0.434375 0.0359375 0.25703125
0 0.71328125 0.43203125 0.13984375 0.27890625
2 0.290625 0.18359375 0.01328125 0.03828125
2 0.21796875 0.18671875 0.01328125 0.0390625
2 0.603125 0.3140625 0.02109375 0.06484375
2 0.409375 0.20859375 0.01640625 0.034375
2 0.56796875 0.29921875 0.01953125 0.06484375
2 0.7421875 0.71328125 0.04765625 0.1359375
2 0.76640625 0.1734375 0.02421875 0.034375
2 0.69375 0.1609375 0.01796875 0.0359375
2 0.51640625 0.2546875 0.01484375 0.03671875
2 0.5921875 0.1390625 0.009375 0.02421875
2 0.496875 0.190625 0.0109375 0.02890625
2 0.80625 0.19921875 0.025 0.05078125
2 0.4484375 0.35234375 0.0171875 0.0640625