1 0.4796875 0.9265625 0.18828125 0.1453125
1 0.3421875 0.196875 0.11796875 0.071875
1 0.8453125 0.190625 0.09375 0.08125
1 0.28359375 0.1390625 0.04921875 0.05625
1 0.64375 0.17421875 0.07109375 0.06171875
3 0.646875 0.04140625 0.0765625 0.05
3 0.91796875 0.34140625 0.03359375 0.1984375
3 0.72734375 0.05 0.03828125 0.059375
2 0.190625 0.35625 0.03359375 0.08203125
2 0.4265625 0.23046875 0.0453125 0.06328125
2 0.52421875 0.75390625 0.05859375 0.15
2 0.61953125 0.24296875 0.0515625 0.05546875
2 0.32890625 0.2203125 0.0484375 0.05703125
2 0.221875 0.21171875 0.04609375 0.0640625
2 0.86328125 0.23359375 0.05 0.05546875
2 0.57890625 0.221875 0.03671875 0.0453125
2 0.61953125 0.096875 0.01015625 0.02890625
2 0.7890625 0.25859375 0.0546875 0.05859375
2 0.1609375 0.18984375 0.03828125 0.05390625
2 0.13359375 0.865625 0.06640625 0.21484375
2 0.74453125 0.2234375 0.04296875 0.04921875
2 0.58046875 0.7390625 0.04765625 0.15390625
2 0.48125 0.228125 0.04375 0.053125
2 0.69375 0.1953125 0.04140625 0.04453125
2 0.27109375 0.73125 0.053125 0.1796875
2 0.66171875 0.08046875 0.01171875 0.028125
2 0.4140625 0.071875 0.01640625 0.0296875
2 0.6296875 0.13046875 0.01640625 0.025
2 0.03203125 0.921875 0.06171875 0.1546875
2 0.67265625 0.23125 0.04765625 0.05390625
2 0.26640625 0.17578125 0.0296875 0.04296875
2 0.2 0.8 0.06328125 0.14453125
2 0.0171875 0.796875 0.03359375 0.13046875
2 0.79765625 0.21171875 0.04296875 0.05390625
2 0.29296875 0.2078125 0.03203125 0.053125
2 0.1921875 0.709375 0.06328125 0.1390625
2 0.59375 0.91171875 0.05703125 0.1734375
4 0.36328125 0.14296875 0.1140625 0.10703125
4 0.50546875 0.171875 0.125 0.1140625