1 0.0640625 0.1390625 0.0828125 0.05859375
1 0.4765625 0.7609375 0.13984375 0.30546875
1 0.12890625 0.13046875 0.08515625 0.05625
3 0.53984375 0.06484375 0.03515625 0.05546875
3 0.91328125 0.37421875 0.03125 0.13203125
3 0.91875 0.26640625 0.02734375 0.046875
0 0.74140625 0.6484375 0.35 0.69921875
2 0.1453125 0.8453125 0.06875 0.209375
2 0.25 0.603125 0.05078125 0.14296875
2 0.3421875 0.7515625 0.0546875 0.19921875
2 0.7953125 0.24609375 0.06015625 0.06875
2 0.1375 0.1890625 0.04140625 0.0515625
2 0.31171875 0.6140625 0.04453125 0.128125
2 0.45859375 0.21328125 0.04609375 0.0515625
2 0.028125 0.171875 0.03359375 0.05078125
2 0.53125 0.26484375 0.04765625 0.05703125
2 0.68828125 0.2390625 0.05078125 0.05703125
2 0.39921875 0.22578125 0.046875 0.0515625
2 0.25234375 0.21953125 0.040625 0.05625
2 0.7546875 0.18828125 0.0453125 0.04921875
2 0.646875 0.22265625 0.04296875 0.053125
2 0.46328125 0.1234375 0.0140625 0.03984375
2 0.821875 0.17578125 0.0421875 0.0515625
2 0.72109375 0.16484375 0.02890625 0.04296875
2 0.203125 0.49140625 0.0546875 0.11328125
2 0.78515625 0.11953125 0.02890625 0.03828125
2 0.4078125 0.16640625 0.03359375 0.0453125
2 0.85859375 0.1734375 0.04453125 0.04921875
2 0.36015625 0.20703125 0.03671875 0.05625
2 0.6171875 0.20703125 0.03828125 0.04609375
2 0.08203125 0.1765625 0.03515625 0.05625
2 0.334375 0.1765625 0.03515625 0.04453125
2 0.40546875 0.11875 0.0140625 0.03125
2 0.221875 0.203125 0.03515625 0.04921875
2 0.3890625 0.55625 0.04765625 0.115625
2 0.6734375 0.16875 0.03046875 0.04375
2 0.521875 0.209375 0.04296875 0.0453125
2 0.69765625 0.15703125 0.02265625 0.03984375
2 0.15234375 0.17734375 0.03515625 0.05859375
2 0.2515625 0.1625 0.03359375 0.03984375