1 0.06484375 0.1359375 0.08828125 0.05703125
1 0.4765625 0.76953125 0.13984375 0.3046875
3 0.91328125 0.38359375 0.03125 0.13203125
3 0.64453125 0.0515625 0.07421875 0.04921875
3 0.53984375 0.0734375 0.03515625 0.05546875
3 0.91875 0.275 0.02734375 0.04609375
3 0.48359375 0.06640625 0.07421875 0.04921875
3 0.9078125 0.48515625 0.025 0.04296875
0 0.74140625 0.653125 0.35 0.68984375
2 0.6640625 0.20078125 0.04453125 0.05
2 0.3421875 0.759375 0.05546875 0.19921875
2 0.221875 0.82421875 0.0625 0.1703125
2 0.084375 0.66171875 0.0609375 0.16953125
2 0.25703125 0.21953125 0.04140625 0.0640625
2 0.11171875 0.21171875 0.03515625 0.0515625
2 0.76484375 0.1734375 0.0375 0.05
2 0.2953125 0.14453125 0.0328125 0.03515625
2 0.4671875 0.23671875 0.05703125 0.05625
2 0.615625 0.17265625 0.03203125 0.05078125
2 0.43984375 0.11875 0.01328125 0.03828125
2 0.3171875 0.209375 0.04296875 0.04921875
2 0.19765625 0.18203125 0.040625 0.04375
2 0.321875 0.13515625 0.01328125 0.03671875
2 0.7359375 0.16796875 0.02890625 0.046875
2 0.05703125 0.1796875 0.03515625 0.05
2 0.16796875 0.20703125 0.0328125 0.05
2 0.5734375 0.2515625 0.05546875 0.05859375
2 0.78515625 0.1296875 0.02890625 0.03515625
2 0.39765625 0.115625 0.0125 0.034375
2 0.5734375 0.16171875 0.02265625 0.0390625
2 0.01796875 0.19453125 0.03515625 0.04140625
2 0.2703125 0.1640625 0.02109375 0.03671875
2 0.53984375 0.19375 0.03828125 0.04921875
2 0.39140625 0.55625 0.04765625 0.13359375
2 0.40234375 0.2453125 0.04375 0.06484375
2 0.03125 0.50390625 0.06015625 0.109375
2 0.28359375 0.63515625 0.0390625 0.13671875
2 0.3421875 0.1984375 0.0390625 0.04140625
2 0.134375 0.19609375 0.03203125 0.04140625
2 0.2609375 0.18359375 0.034375 0.053125
2 0.09609375 0.17890625 0.03125 0.040625
2 0.68515625 0.16953125 0.028125 0.04375
2 0.1796875 0.7390625 0.06015625 0.17421875