1 0.55703125 0.21171875 0.04765625 0.07109375
1 0.47890625 0.89375 0.1875 0.21015625
1 0.503125 0.45078125 0.0796875 0.14140625
1 0.6 0.16796875 0.0328125 0.05390625
1 0.35625 0.10703125 0.034375 0.04140625
1 0.040625 0.328125 0.08125 0.11171875
0 0.7328125 0.52109375 0.1890625 0.54609375
2 0.36328125 0.328125 0.0203125 0.04609375
2 0.5296875 0.58125 0.04296875 0.11875
2 0.390625 0.2421875 0.0171875 0.03984375
2 0.48984375 0.26171875 0.015625 0.04296875
2 0.1921875 0.1390625 0.01953125 0.0296875
2 0.31640625 0.146875 0.02421875 0.02421875
2 0.04453125 0.50390625 0.08125 0.08203125
2 0.1796875 0.39140625 0.04453125 0.06796875
2 0.23046875 0.128125 0.0203125 0.0265625
2 0.25703125 0.140625 0.02109375 0.0265625
2 0.4078125 0.36328125 0.01953125 0.05703125
2 0.47109375 0.221875 0.01328125 0.0390625
2 0.1609375 0.13671875 0.02109375 0.0265625
2 0.47421875 0.13046875 0.0109375 0.0265625
2 0.45625 0.35390625 0.0171875 0.0515625
2 0.12421875 0.49453125 0.05703125 0.10703125
2 0.69765625 0.16328125 0.0125 0.04609375
2 0.41796875 0.31171875 0.01796875 0.03984375
2 0.01484375 0.18046875 0.0296875 0.04609375
2 0.796875 0.19140625 0.028125 0.034375
2 0.4234375 0.25390625 0.01484375 0.03125