1 0.4765625 0.76953125 0.13984375 0.30546875
1 0.0390625 0.1328125 0.078125 0.05625
3 0.5390625 0.0734375 0.03515625 0.05390625
3 0.91328125 0.384375 0.03203125 0.13125
3 0.91796875 0.27421875 0.02734375 0.046875
3 0.45625 0.06796875 0.0234375 0.04375
0 0.74296875 0.653125 0.353125 0.690625
2 0.0640625 0.52734375 0.06328125 0.09921875
2 0.3421875 0.759375 0.05546875 0.1984375
2 0.3953125 0.10859375 0.01171875 0.0390625
2 0.49453125 0.24609375 0.0546875 0.06171875
2 0.203125 0.21875 0.04296875 0.05859375
2 0.86640625 0.19921875 0.04296875 0.046875
2 0.26796875 0.2046875 0.04140625 0.0484375
2 0.35625 0.24375 0.04296875 0.053125
2 0.64609375 0.16171875 0.02421875 0.0453125
2 0.70546875 0.165625 0.04609375 0.05390625
2 0.784375 0.128125 0.02890625 0.03828125
2 0.39765625 0.23125 0.04609375 0.0515625
2 0.4359375 0.1125 0.01328125 0.03828125
2 0.18125 0.91484375 0.0640625 0.16640625
2 0.1453125 0.80390625 0.0671875 0.19296875
2 0.29296875 0.19375 0.03359375 0.04140625
2 0.39140625 0.55546875 0.04765625 0.13359375
2 0.54375 0.1640625 0.02578125 0.05078125
2 0.30859375 0.18671875 0.028125 0.04375
2 0.34296875 0.203125 0.03515625 0.04296875
2 0.32421875 0.134375 0.01171875 0.03359375
2 0.03203125 0.7625 0.0640625 0.196875
2 0.14921875 0.18125 0.04453125 0.04453125
2 0.065625 0.20390625 0.03359375 0.05078125
2 0.02578125 0.1796875 0.03359375 0.04296875
2 0.1484375 0.20546875 0.03046875 0.0484375
2 0.57578125 0.19609375 0.04296875 0.0453125