1 0.2171875 0.19375 0.06484375 0.05859375
1 0.50078125 0.859375 0.14609375 0.2796875
1 0.58359375 0.2125 0.10546875 0.08046875
1 0.81640625 0.26875 0.1265625 0.08828125
1 0.6421875 0.18046875 0.05390625 0.06484375
1 0.28203125 0.1703125 0.096875 0.0609375
1 0.51640625 0.23125 0.09140625 0.06953125
1 0.10625 0.825 0.20390625 0.34609375
1 0.0390625 0.2453125 0.06328125 0.08359375
1 0.8578125 0.24609375 0.09140625 0.075
1 0.3140625 0.21640625 0.08984375 0.078125
1 0.571875 0.15625 0.05703125 0.05625
0 0.09609375 0.1703125 0.19140625 0.128125
0 0.759375 0.171875 0.1890625 0.13046875
2 0.2671875 0.54453125 0.05703125 0.103125
2 0.66640625 0.54375 0.04375 0.11953125
2 0.51953125 0.25859375 0.04140625 0.0484375
2 0.434375 0.25703125 0.05234375 0.06328125
2 0.33203125 0.49296875 0.03828125 0.0984375
2 0.31875 0.75625 0.05703125 0.159375
2 0.57265625 0.54140625 0.03359375 0.109375
2 0.78828125 0.2953125 0.05703125 0.059375
2 0.50234375 0.528125 0.04296875 0.12109375
2 0.340625 0.22578125 0.0375 0.065625
2 0.24296875 0.9109375 0.06640625 0.175
2 0.38515625 0.75078125 0.05546875 0.190625
2 0.3390625 0.8625 0.06328125 0.21015625
2 0.67890625 0.21875 0.03828125 0.04296875
2 0.58828125 0.2703125 0.04453125 0.0515625
2 0.74140625 0.23828125 0.03671875 0.04375
2 0.59921875 0.12421875 0.01171875 0.028125
2 0.0796875 0.22421875 0.0265625 0.04296875
2 0.521875 0.15859375 0.01953125 0.03359375