1 0.4765625 0.75859375 0.13984375 0.30703125
1 0.08671875 0.1390625 0.06953125 0.059375
1 0.1515625 0.13203125 0.08359375 0.0640625
3 0.540625 0.06171875 0.03515625 0.0546875
3 0.9140625 0.3734375 0.03125 0.13125
3 0.91875 0.2640625 0.028125 0.046875
3 0.48359375 0.05390625 0.075 0.0484375
3 0.64453125 0.0390625 0.07578125 0.0484375
0 0.74140625 0.646875 0.35 0.7015625
2 0.16875 0.80703125 0.0734375 0.19375
2 0.33671875 0.5640625 0.040625 0.109375
2 0.3421875 0.7484375 0.05546875 0.19921875
2 0.03046875 0.8921875 0.06015625 0.21171875
2 0.4515625 0.44296875 0.05703125 0.09921875
2 0.059375 0.17265625 0.0328125 0.04921875
2 0.2484375 0.453125 0.0546875 0.10390625
2 0.18515625 0.18828125 0.04609375 0.05390625
2 0.7703125 0.23828125 0.0515625 0.06015625
2 0.72109375 0.22421875 0.0484375 0.053125
2 0.11640625 0.17578125 0.03671875 0.05703125
2 0.409375 0.1171875 0.01484375 0.0359375
2 0.27734375 0.08359375 0.0203125 0.025
2 0.578125 0.26953125 0.04921875 0.059375
2 0.82578125 0.19453125 0.04375 0.05078125
2 0.51171875 0.21328125 0.04609375 0.05390625
2 0.24296875 0.203125 0.0375 0.05390625
2 0.453125 0.2265625 0.04296875 0.0515625
2 0.26953125 0.5671875 0.04765625 0.1359375
2 0.68046875 0.209375 0.04453125 0.05
2 0.43828125 0.109375 0.01640625 0.03671875
2 0.30859375 0.12421875 0.01953125 0.04296875
2 0.47578125 0.125 0.01640625 0.04296875
2 0.30625 0.22421875 0.04453125 0.05390625
2 0.01484375 0.1515625 0.0296875 0.059375
2 0.3265625 0.11953125 0.01171875 0.046875
2 0.39140625 0.5453125 0.05 0.13515625
2 0.86875 0.24140625 0.034375 0.07578125
2 0.803125 0.18203125 0.02890625 0.03828125
2 0.4609375 0.17109375 0.03515625 0.04140625
2 0.7859375 0.11796875 0.0296875 0.0359375
2 0.76640625 0.16953125 0.03984375 0.04296875
2 0.71484375 0.175 0.0359375 0.04296875
2 0.56953125 0.2078125 0.04140625 0.04921875
2 0.3859375 0.1765625 0.03359375 0.04296875
2 0.9828125 0.16875 0.03359375 0.05625
2 0.2921875 0.165625 0.03359375 0.0359375
2 0.409375 0.209375 0.04609375 0.05546875