1 0.1875 0.19453125 0.0734375 0.059375
1 0.75546875 0.26796875 0.12109375 0.08515625
1 0.54453125 0.21484375 0.10078125 0.0796875
1 0.80546875 0.2453125 0.109375 0.07421875
1 0.50078125 0.8609375 0.14609375 0.27578125
1 0.6265625 0.18203125 0.03203125 0.05859375
1 0.2578125 0.17109375 0.09609375 0.06171875
1 0.2890625 0.2140625 0.0921875 0.0703125
1 0.24296875 0.91171875 0.065625 0.17421875
1 0.728125 0.83359375 0.16953125 0.2609375
1 0.03046875 0.23515625 0.0609375 0.0796875
1 0.56484375 0.15703125 0.05390625 0.053125
1 0.471875 0.23203125 0.08671875 0.06953125
1 0.10703125 0.82734375 0.203125 0.34140625
0 0.078125 0.171875 0.15625 0.121875
0 0.73125 0.171875 0.1828125 0.1234375
2 0.26640625 0.5515625 0.0578125 0.096875
2 0.365625 0.25390625 0.04140625 0.0609375
2 0.68515625 0.284375 0.0515625 0.06875
2 0.67421875 0.55078125 0.04609375 0.11484375
2 0.51875 0.26171875 0.04140625 0.05859375
2 0.31796875 0.75625 0.05703125 0.16640625
2 0.33203125 0.490625 0.03828125 0.10625
2 0.50078125 0.15546875 0.01875 0.03984375
2 0.33828125 0.871875 0.06015625 0.1765625
2 0.5015625 0.53125 0.04140625 0.12109375
2 0.5734375 0.5421875 0.03359375 0.11796875
2 0.9671875 0.3203125 0.05546875 0.059375
2 0.46484375 0.2515625 0.03984375 0.046875
2 0.28828125 0.2234375 0.040625 0.0609375
2 0.6 0.2078125 0.02890625 0.0453125
2 0.66171875 0.22265625 0.03671875 0.03984375