1 0.4796875 0.9390625 0.1875 0.1203125
1 0.334375 0.1828125 0.09140625 0.0734375
1 0.5171875 0.1890625 0.09140625 0.06015625
1 0.7390625 0.1890625 0.08984375 0.07421875
1 0.58671875 0.14609375 0.071875 0.05078125
1 0.57265625 0.10625 0.06484375 0.04140625
3 0.646875 0.065625 0.0765625 0.0515625
3 0.54296875 0.08984375 0.03515625 0.05390625
3 0.9171875 0.3984375 0.03203125 0.13203125
3 0.7265625 0.075 0.03828125 0.059375
3 0.8296875 0.10703125 0.00859375 0.0234375
0 0.1984375 0.19140625 0.19609375 0.14296875
2 0.08671875 0.1953125 0.0375 0.0609375
2 0.815625 0.39375 0.03671875 0.07578125
2 0.4390625 0.24453125 0.04453125 0.05625
2 0.6359375 0.2421875 0.04609375 0.0546875
2 0.73203125 0.27890625 0.053125 0.0546875
2 0.27109375 0.7546875 0.053125 0.1796875
2 0.38515625 0.2234375 0.04296875 0.04921875
2 0.7171875 0.2015625 0.03671875 0.0546875
2 0.44375 0.14765625 0.0140625 0.0359375
2 0.4859375 0.14453125 0.01328125 0.034375
2 0.784375 0.2671875 0.05234375 0.0546875
2 0.51171875 0.23125 0.04375 0.05703125
2 0.86328125 0.26171875 0.04609375 0.0609375
2 0.0265625 0.1890625 0.03203125 0.0453125
2 0.571875 0.2296875 0.04296875 0.05703125
2 0.734375 0.90625 0.06171875 0.18359375
2 0.46796875 0.1265625 0.009375 0.03203125
2 0.1921875 0.746875 0.06328125 0.1640625
2 0.43046875 0.18203125 0.034375 0.03984375
2 0.82421875 0.2265625 0.0359375 0.0609375
2 0.5453125 0.1609375 0.01796875 0.0296875
2 0.6640625 0.178125 0.01796875 0.03046875
2 0.19921875 0.8265625 0.06328125 0.1453125
2 0.33671875 0.8625 0.05703125 0.17109375
2 0.22109375 0.925 0.06875 0.1484375