1 0.4796875 0.9265625 0.18828125 0.1453125
1 0.64921875 0.1765625 0.090625 0.06484375
1 0.29765625 0.14140625 0.05234375 0.059375
1 0.3671875 0.2 0.11953125 0.07421875
3 0.646875 0.04140625 0.0765625 0.05
3 0.91875 0.34140625 0.03515625 0.19921875
3 0.72734375 0.05078125 0.03828125 0.06015625
3 0.4859375 0.05625 0.0765625 0.05078125
3 0.921875 0.26640625 0.02734375 0.046875
2 0.20078125 0.36484375 0.03515625 0.08359375
2 0.45703125 0.23828125 0.04921875 0.05625
2 0.52421875 0.75390625 0.05703125 0.146875
2 0.36171875 0.2234375 0.040625 0.0546875
2 0.82890625 0.26171875 0.05390625 0.05859375
2 0.653125 0.24609375 0.04921875 0.053125
2 0.7765625 0.22421875 0.04609375 0.05078125
2 0.2703125 0.73125 0.05234375 0.178125
2 0.1765625 0.19140625 0.0375 0.0546875
2 0.584375 0.73671875 0.0546875 0.146875
2 0.24765625 0.2140625 0.04609375 0.06484375
2 0.1328125 0.86796875 0.06640625 0.2109375
2 0.32109375 0.21484375 0.04140625 0.0484375
2 0.975 0.2671875 0.0484375 0.075
2 0.61015625 0.2234375 0.03984375 0.0453125
2 0.50859375 0.23203125 0.04375 0.053125
2 0.27578125 0.1734375 0.04453125 0.05859375
2 0.70546875 0.23203125 0.04921875 0.05625
2 0.01875 0.79609375 0.0375 0.1859375
2 0.61953125 0.0953125 0.009375 0.02578125
2 0.4140625 0.071875 0.01640625 0.0296875
2 0.6109375 0.134375 0.01796875 0.0390625
2 0.54609375 0.11953125 0.01171875 0.028125
2 0.878125 0.240625 0.0203125 0.04140625
2 0.03984375 0.9078125 0.06640625 0.18203125
2 0.2 0.8 0.0625 0.14453125
2 0.45390625 0.16015625 0.01796875 0.04453125
2 0.1921875 0.7078125 0.06328125 0.1359375
2 0.59375 0.90859375 0.0578125 0.1796875
2 0.709375 0.19765625 0.04296875 0.04375
4 0.3796875 0.1421875 0.11640625 0.103125