1 0.1859375 0.18046875 0.08203125 0.05703125
1 0.5390625 0.59375 0.11171875 0.234375
1 0.5046875 0.2046875 0.08203125 0.0609375
1 0.5015625 0.8984375 0.1734375 0.20078125
1 0.78828125 0.82734375 0.23515625 0.34375
1 0.61953125 0.17265625 0.07578125 0.0640625
1 0.09140625 0.14140625 0.07890625 0.04609375
2 0.353125 0.25546875 0.0421875 0.05390625
2 0.59453125 0.24140625 0.05234375 0.05390625
2 0.2796875 0.23125 0.05 0.05390625
2 0.13515625 0.221875 0.03046875 0.04453125
2 0.19921875 0.22734375 0.053125 0.04921875
2 0.47421875 0.2484375 0.040625 0.05859375
2 0.8125 0.2359375 0.0453125 0.04609375
2 0.73046875 0.215625 0.03984375 0.046875
2 0.59609375 0.50078125 0.03671875 0.1140625
2 0.3296875 0.146875 0.0359375 0.03359375
2 0.63984375 0.12265625 0.01953125 0.03046875
2 0.38515625 0.6140625 0.034375 0.1046875
2 0.62734375 0.21328125 0.0359375 0.04375
2 0.77265625 0.22578125 0.040625 0.04453125
2 0.8890625 0.2484375 0.0296875 0.04453125
2 0.62265625 0.10546875 0.01171875 0.0234375
2 0.40390625 0.23125 0.03359375 0.053125
2 0.08671875 0.2171875 0.040625 0.046875
2 0.678125 0.19453125 0.03046875 0.0453125
2 0.6984375 0.20078125 0.03046875 0.0390625