1 0.55546875 0.21484375 0.0484375 0.071875
1 0.48046875 0.90078125 0.18671875 0.19609375
1 0.359375 0.10703125 0.028125 0.04140625
1 0.04453125 0.3203125 0.0890625 0.10625
1 0.59921875 0.1703125 0.034375 0.05390625
1 0.503125 0.4609375 0.08125 0.14609375
0 0.73515625 0.5359375 0.2 0.56171875
2 0.52265625 0.590625 0.04453125 0.128125
2 0.35546875 0.340625 0.021875 0.0484375
2 0.39140625 0.24453125 0.01796875 0.03984375
2 0.45078125 0.36796875 0.01796875 0.053125
2 0.4015625 0.37578125 0.021875 0.06171875
2 0.265625 0.140625 0.02109375 0.0296875
2 0.24140625 0.12265625 0.02109375 0.03828125
2 0.171875 0.13671875 0.02109375 0.02578125
2 0.20234375 0.1390625 0.02109375 0.03125
2 0.17890625 0.39140625 0.04609375 0.06875
2 0.4859375 0.26953125 0.0171875 0.04453125
2 0.04375 0.503125 0.08046875 0.08359375
2 0.6984375 0.165625 0.0125 0.0453125
2 0.46796875 0.22734375 0.01484375 0.03984375
2 0.47421875 0.13125 0.0109375 0.02578125
2 0.41328125 0.31953125 0.01796875 0.04453125
2 0.32421875 0.14765625 0.02421875 0.025
2 0.128125 0.496875 0.0515625 0.1046875
2 0.796875 0.1921875 0.028125 0.034375
2 0.5109375 0.19140625 0.009375 0.02578125
2 0.090625 0.45546875 0.03515625 0.096875