1 0.47890625 0.896875 0.18671875 0.20390625
1 0.55625 0.21328125 0.04765625 0.07109375
1 0.503125 0.45546875 0.08046875 0.14296875
1 0.0421875 0.32578125 0.084375 0.1109375
1 0.6 0.16875 0.03359375 0.0546875
0 0.734375 0.52890625 0.19453125 0.55390625
2 0.52578125 0.58359375 0.04453125 0.128125
2 0.359375 0.33515625 0.02109375 0.05
2 0.39140625 0.24453125 0.01796875 0.0359375
2 0.196875 0.1390625 0.02109375 0.03125
2 0.04453125 0.50390625 0.08203125 0.08359375
2 0.26171875 0.1390625 0.021875 0.03046875
2 0.40546875 0.37109375 0.02109375 0.05703125
2 0.17890625 0.39140625 0.04609375 0.06953125
2 0.16640625 0.13671875 0.02109375 0.0265625
2 0.796875 0.190625 0.02734375 0.03828125
2 0.3203125 0.146875 0.02421875 0.0265625
2 0.453125 0.36171875 0.01796875 0.04921875
2 0.48671875 0.26796875 0.0140625 0.0390625
2 0.69765625 0.1640625 0.0125 0.04453125
2 0.46875 0.22578125 0.0140625 0.03984375
2 0.47421875 0.1296875 0.0109375 0.028125
2 0.2359375 0.12890625 0.0203125 0.02578125
2 0.01484375 0.18125 0.0296875 0.04375
2 0.41484375 0.31484375 0.015625 0.040625
2 0.5140625 0.18984375 0.01171875 0.02578125
2 0.125 0.49609375 0.0546875 0.10546875