1 0.16953125 0.19375 0.07890625 0.05859375
1 0.72265625 0.265625 0.11953125 0.084375
1 0.52265625 0.21640625 0.0984375 0.075
1 0.50078125 0.86171875 0.14609375 0.275
1 0.77421875 0.24453125 0.10703125 0.07421875
1 0.240625 0.17109375 0.09765625 0.06171875
1 0.028125 0.2296875 0.05546875 0.07578125
1 0.10625 0.82734375 0.20390625 0.33984375
1 0.728125 0.834375 0.16875 0.26171875
1 0.2734375 0.21328125 0.08984375 0.0703125
1 0.6171875 0.18203125 0.02421875 0.05625
1 0.4546875 0.24140625 0.09609375 0.08828125
1 0.6921875 0.7109375 0.15234375 0.21328125
0 0.0671875 0.16796875 0.134375 0.1234375
0 0.71796875 0.1734375 0.18125 0.11640625
2 0.26328125 0.55390625 0.06015625 0.0984375
2 0.57265625 0.54296875 0.03359375 0.11640625
2 0.33203125 0.4921875 0.0375 0.1046875
2 0.32265625 0.2546875 0.040625 0.05546875
2 0.48984375 0.15546875 0.01796875 0.03359375
2 0.4828125 0.25625 0.04140625 0.059375
2 0.2421875 0.9125 0.06484375 0.17109375
2 0.61171875 0.121875 0.01640625 0.03203125
2 0.43125 0.24921875 0.04453125 0.0484375
2 0.33828125 0.865625 0.06015625 0.1953125
2 0.50078125 0.53203125 0.04140625 0.12109375
2 0.31796875 0.7484375 0.05703125 0.184375
2 0.365625 0.2203125 0.034375 0.0390625
2 0.63046875 0.28671875 0.04921875 0.0546875
2 0.86328125 0.21796875 0.03984375 0.0390625
2 0.38515625 0.75546875 0.05546875 0.19296875
2 0.6828125 0.559375 0.0484375 0.10546875
2 0.5859375 0.209375 0.03046875 0.040625
2 0.2546875 0.22890625 0.0375 0.04140625