1 0.4796875 0.9390625 0.1875 0.11953125
1 0.34765625 0.18359375 0.08359375 0.0734375
1 0.5796875 0.10703125 0.0578125 0.04140625
1 0.5265625 0.190625 0.096875 0.0609375
1 0.746875 0.190625 0.08984375 0.07421875
1 0.59453125 0.146875 0.06640625 0.05078125
3 0.91640625 0.40078125 0.03125 0.1296875
3 0.646875 0.06640625 0.0765625 0.0515625
3 0.54375 0.090625 0.03515625 0.053125
3 0.72734375 0.07578125 0.0375 0.059375
0 0.21640625 0.19375 0.196875 0.14453125
2 0.73125 0.890625 0.06015625 0.2140625
2 0.27109375 0.75546875 0.053125 0.17890625
2 0.82734375 0.384375 0.0375 0.07109375
2 0.6546875 0.24375 0.04765625 0.05703125
2 0.75390625 0.28046875 0.053125 0.05390625
2 0.52890625 0.23359375 0.04296875 0.05625
2 0.45703125 0.24609375 0.04453125 0.059375
2 0.40234375 0.22578125 0.03984375 0.0484375
2 0.10703125 0.19765625 0.03203125 0.06171875
2 0.0390625 0.1921875 0.03203125 0.04140625
2 0.72734375 0.20859375 0.04140625 0.046875
2 0.4890625 0.1453125 0.01328125 0.03671875
2 0.01875 0.1734375 0.02421875 0.03828125
2 0.46953125 0.13046875 0.009375 0.03046875
2 0.1921875 0.740625 0.06328125 0.153125
2 0.8078125 0.26875 0.0546875 0.05703125
2 0.80546875 0.1609375 0.0234375 0.04140625
2 0.4375 0.1828125 0.03515625 0.04140625
2 0.66171875 0.10703125 0.01171875 0.02578125
2 0.94921875 0.20703125 0.02265625 0.04921875
2 0.8765625 0.26171875 0.025 0.06484375
2 0.67265625 0.178125 0.01640625 0.0265625
2 0.5203125 0.146875 0.0140625 0.0265625
2 0.9359375 0.33359375 0.03671875 0.08671875
2 0.50703125 0.14921875 0.01484375 0.0296875
2 0.871875 0.234375 0.034375 0.04921875
2 0.3359375 0.86328125 0.05703125 0.171875
2 0.09921875 0.17265625 0.03359375 0.06015625
2 0.221875 0.925 0.06796875 0.1484375
2 0.5875 0.23203125 0.04296875 0.0515625