1 0.20625 0.353125 0.1109375 0.09609375
1 0.17265625 0.18203125 0.06796875 0.046875
1 0.44140625 0.20078125 0.06328125 0.04609375
1 0.79296875 0.22890625 0.0875 0.05546875
1 0.9890625 0.225 0.02109375 0.0515625
1 0.4859375 0.971875 0.15078125 0.0546875
1 0.62109375 0.1921875 0.09765625 0.04921875
3 0.59453125 0.03671875 0.0234375 0.0140625
3 0.9265625 0.4625 0.0296875 0.13203125
3 0.6546875 0.13125 0.07578125 0.05078125
3 0.734375 0.1390625 0.03671875 0.05625
3 0.5515625 0.15390625 0.03515625 0.0515625
3 0.93046875 0.353125 0.02734375 0.04609375
3 0.1640625 0.04453125 0.00703125 0.015625
2 0.45390625 0.5671875 0.05234375 0.09921875
2 0.27734375 0.81640625 0.053125 0.1796875
2 0.528125 0.82421875 0.06484375 0.1890625
2 0.071875 0.91171875 0.0796875 0.1703125
2 0.52734375 0.56171875 0.03828125 0.096875
2 0.3828125 0.571875 0.03359375 0.0953125
2 0.5125 0.190625 0.0265625 0.040625
2 0.7046875 0.8546875 0.06640625 0.19296875
2 0.69140625 0.2140625 0.03125 0.040625
2 0.58984375 0.8234375 0.04765625 0.15078125
2 0.28515625 0.19921875 0.0265625 0.034375
2 0.6546875 0.41875 0.0578125 0.065625
2 0.41015625 0.46640625 0.0265625 0.0796875
2 0.23828125 0.18203125 0.021875 0.0296875
2 0.8625 0.40078125 0.0453125 0.06328125
2 0.39609375 0.18359375 0.0125 0.04375
2 0.13203125 0.91953125 0.07890625 0.159375
2 0.66015625 0.9328125 0.07578125 0.13203125
2 0.79765625 0.253125 0.02109375 0.0359375
2 0.30859375 0.1796875 0.01875 0.040625
2 0.584375 0.16640625 0.01328125 0.02109375
2 0.1984375 0.79375 0.0640625 0.14375
2 0.72890625 0.7609375 0.0515625 0.13828125