1 0.48046875 0.9265625 0.18984375 0.1453125
1 0.3375 0.19609375 0.10234375 0.0703125
1 0.83984375 0.19375 0.103125 0.08359375
1 0.634375 0.1734375 0.0765625 0.0609375
1 0.2765625 0.140625 0.04765625 0.059375
1 0.52109375 0.13203125 0.06328125 0.0640625
3 0.9171875 0.375 0.03203125 0.1296875
3 0.921875 0.265625 0.02734375 0.04609375
3 0.646875 0.04140625 0.07734375 0.05078125
2 0.18671875 0.353125 0.0328125 0.08125
2 0.4109375 0.22890625 0.04453125 0.06328125
2 0.52421875 0.75390625 0.0578125 0.1484375
2 0.85078125 0.234375 0.05234375 0.05390625
2 0.3140625 0.21796875 0.0484375 0.05859375
2 0.209375 0.209375 0.04609375 0.06484375
2 0.60390625 0.24140625 0.05 0.0546875
2 0.65703125 0.23046875 0.046875 0.05390625
2 0.46640625 0.22578125 0.04609375 0.0546875
2 0.27109375 0.73203125 0.05234375 0.1765625
2 0.5796875 0.740625 0.04609375 0.15625
2 0.76796875 0.259375 0.05703125 0.0546875
2 0.56484375 0.21953125 0.03828125 0.04921875
2 0.61875 0.1 0.01015625 0.028125
2 0.13359375 0.86484375 0.06640625 0.21640625
2 0.68125 0.19453125 0.04921875 0.04453125
2 0.15390625 0.1875 0.0375 0.05625
2 0.4140625 0.071875 0.01640625 0.0296875
2 0.66171875 0.08125 0.01171875 0.02890625
2 0.02890625 0.93046875 0.0578125 0.13671875
2 0.72890625 0.221875 0.04296875 0.05
2 0.015625 0.81640625 0.03125 0.128125
2 0.19921875 0.79921875 0.0625 0.1453125
2 0.259375 0.1734375 0.02890625 0.0453125
2 0.59453125 0.9140625 0.06171875 0.16796875
2 0.5953125 0.190625 0.04609375 0.0484375
2 0.625 0.13046875 0.01484375 0.025
2 0.1921875 0.70703125 0.0625 0.13515625
2 0.784375 0.21171875 0.040625 0.05390625
2 0.09609375 0.1640625 0.0265625 0.053125
2 0.2828125 0.20703125 0.03046875 0.05078125
2 0.66015625 0.1421875 0.02109375 0.0265625
2 0.97578125 0.32421875 0.04375 0.0453125
4 0.4953125 0.171875 0.12421875 0.1140625
4 0.35546875 0.14296875 0.11484375 0.10703125