3 0.5390625 0.071875 0.03515625 0.05390625
3 0.64296875 0.05078125 0.07578125 0.04921875
3 0.72265625 0.05859375 0.0359375 0.05625
2 0.6015625 0.14921875 0.02109375 0.04296875
2 0.1296875 0.21328125 0.04765625 0.05625
2 0.24765625 0.1421875 0.03203125 0.0359375
2 0.4328125 0.10390625 0.01171875 0.03828125
2 0.64921875 0.1609375 0.02734375 0.04609375
2 0.20859375 0.196875 0.0390625 0.04921875
2 0.55390625 0.14375 0.01953125 0.040625
2 0.53125 0.1515625 0.01796875 0.03984375
2 0.78359375 0.12890625 0.02890625 0.034375
2 0.39375 0.10703125 0.01171875 0.03046875
2 0.5140625 0.14453125 0.015625 0.034375
2 0.053125 0.15859375 0.021875 0.04609375
2 0.01171875 0.18828125 0.0234375 0.0640625
2 0.03359375 0.17734375 0.03515625 0.06953125
2 0.33046875 0.18828125 0.03984375 0.0515625
2 0.49140625 0.159375 0.02265625 0.0390625
2 0.1546875 0.196875 0.04453125 0.0515625
2 0.2421875 0.178125 0.03515625 0.0515625
2 0.46953125 0.1875 0.040625 0.046875
2 0.09453125 0.18046875 0.03671875 0.04453125
2 0.41171875 0.21328125 0.04140625 0.0484375
2 0.875 0.240625 0.01953125 0.06015625
2 0.32421875 0.128125 0.01171875 0.03125
2 0.4140625 0.26851851875 0.41875 0.25740740781250004 0.4171875 0.246296296875 0.40520833281249996 0.221296296875 0.4067708328125 0.2166666671875 0.4 0.20833333281250002 0.3984375 0.2101851859375 0.3885416671875 0.19444444375 0.38333333281250004 0.21574074062499998 0.3682291671875 0.22685185156249998 0.3645833328125 0.23611111093749998 0.3645833328125 0.24814814843750002 0.3703125 0.252777778125 0.3729166671875 0.2629629625 0.3786458328125 0.2675925921875 0.4010416671875 0.26203703749999996 0.4140625 0.26851851875
2 0.3145833328125 0.2601851859375 0.3229166671875 0.24351851875000002 0.3223958328125 0.23240740781250002 0.3161458328125 0.2166666671875 0.2947916671875 0.1833333328125 0.2875 0.1870370375 0.2848958328125 0.20509259218749998 0.28125 0.21851851875 0.2776041671875 0.22314814843750003 0.2765625 0.23148148124999998 0.2760416671875 0.2398148140625 0.2786458328125 0.2518518515625 0.2854166671875 0.259259259375 0.3 0.2518518515625 0.309375 0.2601851859375 0.3145833328125 0.2601851859375
2 0.3838541671875 0.6203703703125 0.3885416671875 0.621296296875 0.3932291671875 0.6120370375 0.41302083281249996 0.5990740734375 0.409375 0.55648148125 0.4135416671875 0.5129629625 0.4114583328125 0.48981481406249994 0.4036458328125 0.49629629687500004 0.3994791671875 0.49259259218749996 0.396875 0.48703703750000005 0.396875 0.46851851875 0.3921875 0.46388888906250003 0.3875 0.46851851875 0.3828125 0.4824074078125 0.3651041671875 0.503703703125 0.3609375 0.5148148140625 0.359375 0.5305555562500001 0.3697916671875 0.571296296875 0.3692708328125 0.5916666671875 0.3723958328125 0.5990740734375 0.3786458328125 0.6046296296875 0.3838541671875 0.6203703703125
1 0.41041666718750003 0.8898148140625001 0.41197916718750005 0.9037037031249999 0.41770833281249997 0.9120370375 0.4265625 0.9148148140625001 0.4994791671875 0.9138888890624999 0.5135416671875 0.9175925921875001 0.5359375 0.9148148140625001 0.5395833328124999 0.9074074078125 0.5411458328125 0.89351851875 0.5421875 0.8083333328125001 0.540625 0.7861111109375 0.5375 0.7759259265625 0.5380208328125 0.7620370375000001 0.5338541671875 0.7231481484375 0.5348958328125 0.715740740625 0.5307291671875001 0.678703703125 0.5333333328125 0.672222221875 0.5421875 0.66944444375 0.5453125 0.6574074078125001 0.5364583328125 0.6490740734375 0.5276041671875 0.6481481484375 0.5229166671875001 0.6296296296875 0.5166666671875 0.6231481484375 0.48802083281249997 0.61851851875 0.4583333328125 0.61851851875 0.4380208328125 0.621296296875 0.43177083281249995 0.627777778125 0.42083333281249996 0.646296296875 0.4213541671875 0.6574074078125001 0.41875 0.6648148140625 0.4213541671875 0.6898148140625 0.41822916718750003 0.70555555625 0.41614583281249995 0.753703703125 0.4088541671875 0.8083333328125001 0.4114583328125 0.8370370375 0.41041666718750003 0.8898148140625001
2 0.32083333281250004 0.83055555625 0.3255208328125 0.853703703125 0.3296875 0.8583333328125 0.3427083328125 0.8333333328125001 0.3651041671875 0.771296296875 0.3619791671875 0.7583333328124999 0.3614583328125 0.74351851875 0.3630208328125 0.6972222218749999 0.365625 0.6916666671875 0.3416666671875 0.6601851859375001 0.3421875 0.646296296875 0.3375 0.6351851859375001 0.3338541671875 0.634259259375 0.3291666671875 0.6425925921875 0.328125 0.6629629625 0.3192708328125 0.665740740625 0.3177083328125 0.66944444375 0.3203125 0.6759259265625001 0.3182291671875 0.6916666671875 0.3182291671875 0.7783953703125001 0.3140625 0.8111111109375001 0.3171875 0.8259259265625 0.32083333281250004 0.83055555625
2 0.2130208328125 0.8399203703125 0.22239583281250003 0.8954759265625001 0.2401041671875 0.9093648140624999 0.24322916718749998 0.8982537031250001 0.2536458328125 0.8797351859375 0.2671875 0.8371425921875 0.2765625 0.8288092593749999 0.2677083328125 0.7306611109375 0.2635416671875 0.7278833328125 0.2588541671875 0.7306611109375 0.2552083328125 0.7232537031249999 0.246875 0.7186240734375 0.24479166718749998 0.68899444375 0.23958333281250002 0.6834388890625 0.2359375 0.6843648140624999 0.23072916718749997 0.691772221875 0.228125 0.7084388890625 0.22239583281250003 0.7251055562500001 0.21614583281250002 0.7269574078125001 0.2114583328125 0.7454759265625001 0.21354166718749998 0.7667722218749999 0.2114583328125 0.7880685187500001 0.2088541671875 0.7926981484375 0.2088541671875 0.8251055562499999 0.21354166718749998 0.8315870375 0.2130208328125 0.8399203703125
2 0.1166666671875 0.5833333328125 0.122556203125 0.5621390453124999 0.10833333281249999 0.5296296296875 0.1057291671875 0.5138888890625 0.1088541671875 0.502777778125 0.1088541671875 0.49351851875 0.1010416671875 0.48333333281249996 0.09375 0.465740740625 0.08854166718749999 0.46388888906250003 0.0859375 0.46666666718750005 0.084375 0.477777778125 0.08645833281250001 0.48425925937500003 0.0760416671875 0.5074074078125 0.0734375 0.521296296875 0.08072916718749999 0.5296296296875 0.0791666671875 0.5990740734375 0.08125 0.602777778125 0.0880208328125 0.602777778125 0.09665625 0.6002546296875 0.08870312500000001 0.564247221875 0.1140083328125 0.611827778125 0.1187268265625 0.58455416875 0.1166666671875 0.5833333328125
2 0.0489583328125 0.9990740734375001 0.0895833328125 0.9990740734375001 0.09322916718749999 0.99351851875 0.0916666671875 0.9870370375 0.0973958328125 0.9824074078124999 0.1052083328125 0.9833333328125 0.10729166718750001 0.9888888890624999 0.10729166718750001 0.9703703703125001 0.11875 0.9490740734375 0.12291666718750001 0.9509259265625 0.11875 0.934259259375 0.1208333328125 0.9083333328125001 0.11875 0.896296296875 0.11875 0.852777778125 0.1223958328125 0.840740740625 0.0921875 0.8129629625 0.0895833328125 0.80648148125 0.0875 0.777777778125 0.0796875 0.7703703703125 0.07083333281250001 0.775 0.06770833281250001 0.7851851859375001 0.0666666671875 0.8074074078125 0.0546875 0.8101851859375 0.0484375 0.8398148140625 0.0484375 0.8611111109375 0.0447916671875 0.8824074078124999 0.0447916671875 0.8990740734375 0.052604167187499995 0.9444444437499999 0.0557291671875 0.952777778125 0.0489583328125 0.9990740734375001
0 0.5713541671875 0.5425925921875 0.5739583328125 0.5731481484375001 0.5817708328125 0.603703703125 0.5817708328125 0.621296296875 0.6057291671875 0.7509259265625 0.6119791671875 0.8 0.6197916671875 0.83055555625 0.6229166671875 0.8879629625 0.6260416671875 0.9037037031249999 0.6333333328124999 0.9166666671874999 0.6421875 0.9833333328125 0.6473958328125 0.9990740734375001 0.8713541671874999 0.9990740734375001 0.8739583328125 0.99351851875 0.875 0.9638888890624999 0.878125 0.9481481484375 0.8911458328125 0.91851851875 0.8942708328125001 0.9037037031249999 0.9057291671875 0.7787037031249999 0.9140625 0.7129629625 0.9145833328125 0.6888888890625 0.9119791671874999 0.66944444375 0.8963541671874999 0.6333333328124999 0.8088541671874999 0.47407407343749997 0.7776041671875 0.4370370375 0.7333333328125 0.36296296250000004 0.7239583328125 0.3379629625 0.7161458328125 0.334259259375 0.7083333328125 0.322222221875 0.6942708328125 0.3166666671875 0.5994791671875 0.3101851859375 0.5880208328125 0.3120370375 0.58125 0.3296296296875 0.58125 0.34629629687499996 0.571875 0.3620370375 0.5677083328125 0.3925925921875 0.5671875 0.4203703703125 0.5734375 0.42314814843750004 0.5760416671875 0.43055555625 0.575 0.47222222187499996 0.571875 0.49629629687500004 0.5713541671875 0.5425925921875
3 0.9270833328125001 0.3231481484375 0.9057291671875 0.321296296875 0.903125 0.325 0.8989583328125 0.4 0.8979166671875 0.44259259218749997 0.9041666671874999 0.4481481484375 0.9203125 0.447222221875 0.921875 0.44444444375 0.9270833328125001 0.36666666718749996 0.9270833328125001 0.3231481484375
2 0.7515625 0.1990740734375 0.7515625 0.190740740625 0.7442708328125 0.1675925921875 0.7390625 0.1629629625 0.7375 0.15648148125 0.7395833328125 0.146296296875 0.7369791671875 0.1425925921875 0.7317708328125 0.146296296875 0.7270833328124999 0.1675925921875 0.7166666671875 0.16851851874999998 0.7119791671875 0.17962962968750001 0.7104166671875001 0.1898148140625 0.7125 0.2009259265625 0.7151041671875 0.20370370312500002 0.7307291671875 0.1990740734375 0.7453125 0.20740740781250003 0.7515625 0.1990740734375