1 0.30546875 0.09296875 0.06953125 0.04921875
1 0.47109375 0.8296875 0.159375 0.3390625
1 0.61640625 0.10390625 0.06328125 0.04609375
1 0.88046875 0.9359375 0.23828125 0.12578125
3 0.65078125 0.03515625 0.07578125 0.0484375
3 0.9234375 0.365625 0.03203125 0.1296875
3 0.73046875 0.040625 0.03828125 0.059375
3 0.54609375 0.06015625 0.03515625 0.05546875
3 0.92734375 0.25546875 0.028125 0.04921875
3 0.48828125 0.05390625 0.07734375 0.05
0 0.8140625 0.08125 0.1984375 0.121875
2 0.37734375 0.390625 0.05390625 0.08671875
2 0.30078125 0.3046875 0.04609375 0.0703125
2 0.0671875 0.40625 0.07890625 0.084375
2 0.34609375 0.9234375 0.07109375 0.15078125
2 0.50234375 0.54921875 0.03984375 0.10625
2 0.51328125 0.16484375 0.03359375 0.0484375
2 0.403125 0.26796875 0.04296875 0.06328125
2 0.446875 0.54375 0.03984375 0.08671875
2 0.17109375 0.321875 0.04765625 0.071875
2 0.209375 0.1 0.025 0.040625
2 0.54453125 0.5625 0.0375 0.10625
2 0.0953125 0.50078125 0.03125 0.06875
2 0.16875 0.103125 0.02421875 0.040625
2 0.48515625 0.153125 0.0265625 0.04453125
2 0.62734375 0.16640625 0.03203125 0.04609375
2 0.59765625 0.1515625 0.03203125 0.05
2 0.46328125 0.1078125 0.01875 0.03828125
2 0.54609375 0.175 0.028125 0.0515625
2 0.1625 0.521875 0.02578125 0.07578125
2 0.24453125 0.7015625 0.0703125 0.13828125
2 0.51015625 0.10390625 0.028125 0.03203125
2 0.27421875 0.0765625 0.021875 0.028125
2 0.4984375 0.465625 0.03671875 0.09921875
2 0.5734375 0.121875 0.0234375 0.03515625
2 0.2671875 0.834375 0.04765625 0.13515625
2 0.278125 0.0828125 0.0140625 0.03046875
2 0.58125 0.14609375 0.02578125 0.0390625
2 0.58125 0.74296875 0.04765625 0.0984375
2 0.6375 0.12890625 0.03203125 0.0359375
2 0.18671875 0.5640625 0.04453125 0.09140625
2 0.25546875 0.3859375 0.0546875 0.06953125
2 0.246875 0.95078125 0.06875 0.09609375
2 0.38125 0.2359375 0.03515625 0.0546875
2 0.6796875 0.1109375 0.03359375 0.03671875
2 0.68828125 0.15234375 0.0328125 0.0453125
2 0.575 0.62421875 0.0421875 0.0765625
2 0.30078125 0.68125 0.06171875 0.1234375
4 0.72578125 0.584375 0.27109375 0.53046875
4 0.3390625 0.15859375 0.22890625 0.178125