1 0.4796875 0.9265625 0.18828125 0.1453125
1 0.34296875 0.19765625 0.12421875 0.0734375
1 0.2859375 0.13984375 0.05 0.05546875
1 0.6453125 0.17578125 0.07265625 0.0640625
1 0.846875 0.190625 0.09140625 0.07890625
3 0.646875 0.04140625 0.0765625 0.05
3 0.72734375 0.05 0.03828125 0.059375
3 0.9171875 0.37578125 0.03203125 0.12890625
3 0.4859375 0.05625 0.07734375 0.0515625
2 0.19296875 0.35703125 0.03359375 0.08359375
2 0.43203125 0.23046875 0.04453125 0.06484375
2 0.525 0.75390625 0.0578125 0.146875
2 0.62421875 0.24296875 0.053125 0.0546875
2 0.678125 0.23203125 0.0484375 0.05390625
2 0.1640625 0.190625 0.03671875 0.0515625
2 0.2265625 0.21171875 0.046875 0.06328125
2 0.034375 0.91953125 0.06171875 0.15859375
2 0.86640625 0.2328125 0.0453125 0.05859375
2 0.7953125 0.25859375 0.0546875 0.05859375
2 0.334375 0.22109375 0.04609375 0.05625
2 0.13359375 0.86640625 0.06640625 0.2140625
2 0.74921875 0.2234375 0.04296875 0.04921875
2 0.61953125 0.09609375 0.01015625 0.0296875
2 0.58125 0.73828125 0.0484375 0.1515625
2 0.66171875 0.08046875 0.01171875 0.028125
2 0.63046875 0.13046875 0.0171875 0.025
2 0.58359375 0.22265625 0.03671875 0.04375
2 0.27109375 0.73203125 0.05234375 0.17890625
2 0.41328125 0.071875 0.01640625 0.0296875
2 0.2 0.8 0.0625 0.14453125
2 0.8015625 0.2109375 0.04609375 0.05703125
2 0.69609375 0.19453125 0.04140625 0.046875
2 0.54296875 0.11484375 0.01171875 0.021875
2 0.66640625 0.14453125 0.02421875 0.03359375
2 0.0171875 0.7921875 0.034375 0.125
2 0.73203125 0.1640625 0.034375 0.03671875
2 0.95078125 0.26875 0.04453125 0.06796875
2 0.59140625 0.9109375 0.0625 0.17421875
2 0.1921875 0.709375 0.06328125 0.13984375
2 0.4859375 0.22890625 0.04296875 0.053125
2 0.296875 0.20625 0.0328125 0.05625
4 0.36640625 0.14296875 0.11484375 0.10703125