1 0.50234375 0.8015625 0.12265625 0.271875
1 0.59296875 0.18359375 0.028125 0.04453125
1 0.4328125 0.146875 0.0328125 0.03203125
1 0.63046875 0.2015625 0.03359375 0.053125
1 0.0453125 0.43359375 0.08828125 0.175
1 0.55390625 0.23828125 0.03046875 0.05859375
1 0.61171875 0.325 0.06171875 0.11328125
1 0.321875 0.19296875 0.046875 0.06171875
3 0.65625 0.128125 0.07578125 0.05078125
3 0.928125 0.45859375 0.03125 0.13125
3 0.59609375 0.03359375 0.02578125 0.01640625
3 0.5875 0.03359375 0.00703125 0.01484375
0 0.73515625 0.6859375 0.31953125 0.625
2 0.3859375 0.45 0.02734375 0.09453125
2 0.42578125 0.3265625 0.01796875 0.06015625
2 0.45078125 0.3015625 0.03359375 0.04375
2 0.17890625 0.44609375 0.021875 0.0765625
4 0.17734375 0.28125 0.09296875 0.15
4 0.22734375 0.21953125 0.07890625 0.11796875
4 0.1078125 0.25625 0.11015625 0.1703125
4 0.49765625 0.42109375 0.07734375 0.20625