1 0.1953125 0.19453125 0.07265625 0.059375
1 0.77265625 0.26796875 0.121875 0.0859375
1 0.821875 0.24609375 0.10859375 0.075
1 0.50078125 0.8609375 0.14609375 0.2765625
1 0.5546875 0.21484375 0.10078125 0.0796875
1 0.63046875 0.18125 0.0359375 0.05859375
1 0.48515625 0.2328125 0.08984375 0.07109375
1 0.29609375 0.21640625 0.0921875 0.0765625
1 0.728125 0.8328125 0.16875 0.26171875
1 0.10703125 0.8265625 0.203125 0.34296875
1 0.265625 0.17109375 0.09609375 0.06328125
1 0.03203125 0.2375 0.0640625 0.078125
1 0.97890625 0.21171875 0.04140625 0.065625
1 0.69140625 0.71171875 0.15 0.21171875
1 0.5671875 0.159375 0.05546875 0.06015625
0 0.7375 0.17265625 0.18359375 0.12109375
0 0.0828125 0.171875 0.165625 0.121875
2 0.26640625 0.54765625 0.05703125 0.103125
2 0.57265625 0.540625 0.034375 0.11875
2 0.3859375 0.2546875 0.04140625 0.059375
2 0.33203125 0.490625 0.0375 0.10625
2 0.31796875 0.7484375 0.05703125 0.18515625
2 0.7140625 0.2796875 0.05234375 0.08125
2 0.5015625 0.53046875 0.0421875 0.12109375
2 0.66796875 0.5484375 0.05234375 0.11796875
2 0.5375 0.2640625 0.0421875 0.05625
2 0.47890625 0.25390625 0.03984375 0.046875
2 0.50625 0.15859375 0.01953125 0.03203125
2 0.3859375 0.75390625 0.05546875 0.190625
2 0.33984375 0.86640625 0.059375 0.1734375
2 0.24296875 0.9109375 0.06640625 0.17421875
2 0.6046875 0.20625 0.0328125 0.04296875
2 0.66484375 0.21953125 0.03359375 0.0390625