1 0.4796875 0.89921875 0.1875 0.19921875
1 0.04375 0.32421875 0.08671875 0.10703125
1 0.35859375 0.10625 0.03046875 0.04140625
1 0.6 0.16953125 0.03359375 0.05390625
1 0.55625 0.2140625 0.0484375 0.071875
1 0.503125 0.45625 0.08046875 0.140625
0 0.73515625 0.53125 0.196875 0.55703125
2 0.3578125 0.3359375 0.02265625 0.0515625
2 0.52421875 0.5859375 0.04453125 0.12890625
2 0.19921875 0.1390625 0.01953125 0.03046875
2 0.39140625 0.24375 0.01796875 0.03828125
2 0.2640625 0.14140625 0.02109375 0.028125
2 0.04375 0.50390625 0.08046875 0.08359375
2 0.23828125 0.12421875 0.02109375 0.03671875
2 0.17890625 0.39140625 0.04453125 0.06875
2 0.69765625 0.1640625 0.0125 0.0453125
2 0.32265625 0.146875 0.02421875 0.02578125
2 0.403125 0.37109375 0.02109375 0.0609375
2 0.48671875 0.26875 0.015625 0.04296875
2 0.4515625 0.36640625 0.01640625 0.05078125
2 0.16953125 0.1359375 0.02109375 0.028125
2 0.46796875 0.2265625 0.0140625 0.03828125
2 0.47421875 0.13046875 0.0109375 0.028125
2 0.4140625 0.31640625 0.01796875 0.04609375
2 0.1234375 0.49609375 0.05703125 0.10625
2 0.796875 0.19140625 0.028125 0.03359375
2 0.5125 0.190625 0.01171875 0.02578125