1 0.4765625 0.75859375 0.13984375 0.30546875
1 0.1015625 0.1390625 0.08515625 0.06171875
1 0.16015625 0.13125 0.08828125 0.0640625
3 0.64453125 0.0375 0.07578125 0.04921875
3 0.9140625 0.371875 0.03203125 0.13046875
3 0.725 0.04609375 0.03671875 0.05625
3 0.53984375 0.06015625 0.034375 0.05390625
3 0.91875 0.26328125 0.028125 0.046875
3 0.48359375 0.05234375 0.075 0.046875
0 0.74140625 0.646875 0.35 0.703125
2 0.17421875 0.796875 0.075 0.19296875
2 0.03515625 0.8671875 0.05859375 0.20859375
2 0.46875 0.43359375 0.0578125 0.09921875
2 0.06796875 0.171875 0.03359375 0.05078125
2 0.3421875 0.746875 0.05546875 0.19921875
2 0.196875 0.18828125 0.0453125 0.053125
2 0.3421875 0.5546875 0.03671875 0.0984375
2 0.79375 0.23984375 0.0515625 0.05546875
2 0.1265625 0.17578125 0.0359375 0.059375
2 0.4109375 0.1171875 0.01484375 0.0359375
2 0.4671875 0.2265625 0.04375 0.0546875
2 0.74140625 0.22421875 0.04921875 0.05390625
2 0.59140625 0.27109375 0.05 0.05859375
2 0.5265625 0.21171875 0.0453125 0.05546875
2 0.01875 0.1515625 0.0375 0.05703125
2 0.32265625 0.22265625 0.04296875 0.05625
2 0.26796875 0.08359375 0.021875 0.025
2 0.696875 0.2078125 0.04765625 0.053125
2 0.2625 0.44296875 0.05546875 0.1
2 0.8453125 0.19609375 0.04453125 0.0515625
2 0.2484375 0.20390625 0.03828125 0.0515625
2 0.78515625 0.11875 0.0296875 0.03203125
2 0.45859375 0.11953125 0.0125 0.03125
2 0.390625 0.54375 0.05 0.134375
2 0.58203125 0.20625 0.0421875 0.053125
2 0.48046875 0.1296875 0.0171875 0.03359375
2 0.78046875 0.16953125 0.03828125 0.04296875
2 0.87578125 0.253125 0.01875 0.05546875
2 0.82109375 0.18359375 0.03203125 0.0390625
2 0.3078125 0.19375 0.0359375 0.05078125
2 0.02734375 0.12890625 0.0296875 0.053125
2 0.47578125 0.16875 0.03671875 0.046875
2 0.27421875 0.55859375 0.04609375 0.13515625
2 0.75078125 0.1609375 0.03515625 0.04140625
2 0.421875 0.209375 0.04453125 0.05546875
2 0.39921875 0.17578125 0.034375 0.0453125