1 0.55703125 0.2109375 0.04765625 0.07109375
1 0.4890625 0.8921875 0.16640625 0.2140625
1 0.50390625 0.45078125 0.07890625 0.146875
1 0.35546875 0.10625 0.03671875 0.04296875
1 0.60078125 0.1671875 0.03359375 0.053125
1 0.03984375 0.33046875 0.07890625 0.11640625
0 0.73203125 0.51796875 0.1875 0.54296875
2 0.390625 0.23984375 0.0171875 0.040625
2 0.36484375 0.32578125 0.0203125 0.046875
2 0.53203125 0.575 0.04375 0.12578125
2 0.18984375 0.13984375 0.01953125 0.028125
2 0.25546875 0.1390625 0.02265625 0.02890625
2 0.1578125 0.1375 0.02109375 0.025
2 0.45703125 0.3515625 0.01640625 0.05078125
2 0.17890625 0.39140625 0.04609375 0.06796875
2 0.471875 0.22109375 0.0140625 0.03671875
2 0.04453125 0.50390625 0.08125 0.08203125
2 0.490625 0.26015625 0.015625 0.04296875
2 0.40859375 0.359375 0.01875 0.05546875
2 0.3140625 0.146875 0.02421875 0.025
2 0.228125 0.128125 0.0203125 0.028125
2 0.47421875 0.13046875 0.0109375 0.02578125
2 0.125 0.49609375 0.05546875 0.1046875
2 0.696875 0.16171875 0.0125 0.04453125
2 0.51640625 0.18671875 0.01171875 0.028125
2 0.01484375 0.18046875 0.02890625 0.04453125
2 0.4203125 0.30078125 0.01953125 0.0484375
2 0.796875 0.19140625 0.028125 0.034375
2 0.42578125 0.253125 0.0140625 0.03125
4 0.17421875 0.2234375 0.071875 0.12109375