1 0.30390625 0.09375 0.071875 0.04921875
1 0.47109375 0.8296875 0.16015625 0.3390625
1 0.61640625 0.10390625 0.06953125 0.046875
1 0.88046875 0.9359375 0.23828125 0.12578125
3 0.65078125 0.03515625 0.07578125 0.0484375
3 0.73125 0.040625 0.03828125 0.059375
3 0.54609375 0.06015625 0.03515625 0.05546875
3 0.48828125 0.053125 0.07734375 0.05078125
3 0.928125 0.25546875 0.02734375 0.04921875
3 0.9234375 0.365625 0.03125 0.13046875
0 0.8125 0.08125 0.19765625 0.1234375
2 0.37734375 0.390625 0.05390625 0.08671875
2 0.34609375 0.91796875 0.07109375 0.16328125
2 0.0703125 0.40703125 0.07890625 0.0796875
2 0.503125 0.54921875 0.03984375 0.10703125
2 0.51015625 0.16484375 0.03359375 0.0484375
2 0.20546875 0.1015625 0.025 0.03828125
2 0.296875 0.30625 0.04609375 0.0703125
2 0.4 0.26875 0.04296875 0.06171875
2 0.16484375 0.1015625 0.02421875 0.04296875
2 0.446875 0.54296875 0.03984375 0.08828125
2 0.68671875 0.153125 0.03359375 0.04375
2 0.54453125 0.5625 0.0375 0.10859375
2 0.0953125 0.50078125 0.03125 0.06875
2 0.05078125 0.09765625 0.025 0.034375
2 0.4828125 0.15390625 0.0265625 0.04296875
2 0.59453125 0.15546875 0.03046875 0.04375
2 0.46015625 0.109375 0.01875 0.03671875
2 0.24453125 0.7015625 0.0703125 0.13828125
2 0.54375 0.17578125 0.028125 0.0515625
2 0.5796875 0.1453125 0.02578125 0.04296875
2 0.16875 0.321875 0.04765625 0.075
2 0.4984375 0.465625 0.03671875 0.1
2 0.265625 0.834375 0.04296875 0.13203125
2 0.12734375 0.1015625 0.0328125 0.0390625
2 0.50703125 0.10390625 0.028125 0.03203125
2 0.625 0.16796875 0.03203125 0.04453125
2 0.6765625 0.11015625 0.03359375 0.0390625
2 0.18671875 0.5640625 0.04453125 0.090625
2 0.63515625 0.1296875 0.03046875 0.03515625
2 0.27109375 0.07890625 0.0203125 0.028125
2 0.246875 0.95078125 0.06953125 0.096875
2 0.29921875 0.68125 0.06328125 0.121875
2 0.37890625 0.23828125 0.03515625 0.05390625
2 0.64453125 0.10390625 0.01640625 0.03046875
2 0.16171875 0.52265625 0.025 0.075
2 0.25546875 0.38203125 0.05390625 0.0640625
4 0.72578125 0.58515625 0.27109375 0.5296875
4 0.33828125 0.1609375 0.228125 0.17421875