1 0.04609375 0.140625 0.0828125 0.05859375
1 0.1171875 0.13203125 0.0875 0.059375
1 0.4765625 0.7625 0.13984375 0.30625
3 0.9140625 0.37734375 0.03203125 0.13046875
3 0.53984375 0.06640625 0.0359375 0.05546875
3 0.64453125 0.04296875 0.07578125 0.05078125
3 0.91875 0.26796875 0.028125 0.046875
3 0.4828125 0.05859375 0.0765625 0.04921875
0 0.7421875 0.65 0.34921875 0.69609375
2 0.3421875 0.753125 0.0546875 0.2
2 0.17578125 0.521875 0.05078125 0.11953125
2 0.29609375 0.65390625 0.04609375 0.13515625
2 0.746875 0.24609375 0.05625 0.06875
2 0.6390625 0.240625 0.05 0.05625
2 0.06171875 0.1765625 0.03515625 0.05625
2 0.4265625 0.21328125 0.0453125 0.05
2 0.7890625 0.175 0.0375 0.0484375
2 0.1296875 0.87890625 0.0703125 0.21796875
2 0.21640625 0.21953125 0.046875 0.0515625
2 0.37734375 0.16484375 0.03125 0.04296875
2 0.50234375 0.2609375 0.04609375 0.05625
2 0.45625 0.11953125 0.01484375 0.04453125
2 0.36875 0.2265625 0.04296875 0.05078125
2 0.87109375 0.2109375 0.03203125 0.04609375
2 0.64921875 0.16953125 0.02890625 0.04453125
2 0.43046875 0.10234375 0.01484375 0.04375
2 0.71953125 0.18359375 0.040625 0.046875
2 0.01328125 0.16640625 0.02578125 0.06328125
2 0.3046875 0.17890625 0.03671875 0.04296875
2 0.78515625 0.1234375 0.02890625 0.03671875
2 0.60234375 0.2234375 0.0375 0.046875
2 0.6953125 0.165625 0.02578125 0.03984375
2 0.49375 0.21015625 0.03984375 0.04453125
2 0.403125 0.1171875 0.01484375 0.034375
2 0.33125 0.20703125 0.03046875 0.053125
2 0.8328125 0.17265625 0.03828125 0.04375
2 0.1328125 0.17890625 0.02890625 0.053125
2 0.22734375 0.16328125 0.03046875 0.03984375
2 0.36171875 0.503125 0.04765625 0.11875
2 0.4515625 0.196875 0.04296875 0.04609375
2 0.675 0.15703125 0.01796875 0.034375
2 0.16171875 0.1765625 0.03515625 0.04375
2 0.39140625 0.55078125 0.04921875 0.134375
2 0.1109375 0.1890625 0.03984375 0.05078125
2 0.58203125 0.20703125 0.03515625 0.04453125
2 0.2359375 0.628125 0.0515625 0.146875