1 0.59296875 0.18359375 0.028125 0.0453125
1 0.50234375 0.81640625 0.12421875 0.27578125
1 0.4328125 0.14609375 0.03203125 0.03125
1 0.63046875 0.2015625 0.03359375 0.05390625
1 0.04609375 0.43125 0.090625 0.17421875
1 0.55390625 0.23984375 0.03046875 0.05703125
1 0.6125 0.328125 0.06171875 0.11328125
1 0.50859375 0.17421875 0.0109375 0.01953125
1 0.3234375 0.1921875 0.04765625 0.06171875
3 0.7359375 0.1359375 0.03828125 0.0609375
3 0.928125 0.45859375 0.03203125 0.13203125
3 0.496875 0.1421875 0.07578125 0.04921875
3 0.9328125 0.34921875 0.028125 0.046875
3 0.59609375 0.03203125 0.02578125 0.01484375
3 0.5875 0.03359375 0.00703125 0.01484375
3 0.65625 0.128125 0.07578125 0.05
0 0.74140625 0.6875 0.33046875 0.62109375
2 0.38359375 0.45703125 0.028125 0.09609375
2 0.4234375 0.3359375 0.01640625 0.04921875
2 0.453125 0.3015625 0.03984375 0.04296875
2 0.48125 0.22421875 0.01171875 0.0296875
2 0.178125 0.45 0.02265625 0.0703125
4 0.1109375 0.253125 0.10859375 0.171875
4 0.17890625 0.28046875 0.0921875 0.1484375
4 0.2296875 0.21875 0.0765625 0.11875
4 0.49765625 0.4234375 0.078125 0.20859375
4 0.40390625 0.15859375 0.028125 0.06953125
4 0.5203125 0.3046875 0.07265625 0.1796875