1 0.48984375 0.85078125 0.14921875 0.296875
1 0.5625 0.19140625 0.04453125 0.06796875
1 0.6015625 0.15390625 0.03046875 0.046875
1 0.50859375 0.38359375 0.06953125 0.1265625
1 0.328125 0.11171875 0.06484375 0.0453125
0 0.71171875 0.4390625 0.15234375 0.44921875
2 0.78359375 0.890625 0.06875 0.16171875
2 0.57421875 0.49453125 0.0328125 0.11015625
2 0.40390625 0.27109375 0.01796875 0.03828125
2 0.33984375 0.14921875 0.02578125 0.028125
2 0.25390625 0.1421875 0.021875 0.025
2 0.37578125 0.2125 0.015625 0.034375
2 0.17734375 0.390625 0.04921875 0.07109375
2 0.2171875 0.2015625 0.034375 0.04609375
2 0.50625 0.2203125 0.01328125 0.03515625
2 0.44765625 0.28828125 0.01953125 0.05
2 0.4859375 0.28125 0.0140625 0.03984375
2 0.796875 0.190625 0.02734375 0.03515625
2 0.0796875 0.128125 0.0203125 0.02890625
2 0.475 0.13125 0.01171875 0.0265625
2 0.49375 0.196875 0.01328125 0.03203125
2 0.04453125 0.48203125 0.08046875 0.12578125
2 0.12578125 0.1328125 0.02421875 0.0265625
2 0.15546875 0.1265625 0.01875 0.025
2 0.0140625 0.17890625 0.028125 0.0484375
2 0.19765625 0.134375 0.02890625 0.0234375
2 0.11796875 0.49375 0.0546875 0.1015625
4 0.125 0.26328125 0.08671875 0.140625