1 0.48984375 0.8578125 0.153125 0.28203125
1 0.5078125 0.39609375 0.07109375 0.13046875
1 0.56171875 0.19296875 0.0453125 0.06796875
1 0.6015625 0.15625 0.0296875 0.0484375
1 0.01484375 0.3609375 0.02890625 0.08515625
1 0.33515625 0.11015625 0.0625 0.04453125
3 0.92890625 0.365625 0.03671875 0.20078125
2 0.81015625 0.92734375 0.07421875 0.14375
2 0.39765625 0.2796875 0.01796875 0.040625
2 0.5671875 0.509375 0.03515625 0.11796875
2 0.48125 0.290625 0.01484375 0.04296875
2 0.26640625 0.1421875 0.02265625 0.0265625
2 0.35 0.1484375 0.0265625 0.02890625
2 0.38046875 0.2171875 0.015625 0.034375
2 0.440625 0.296875 0.0203125 0.053125
2 0.2109375 0.20078125 0.03515625 0.0453125
2 0.0953125 0.128125 0.0203125 0.03046875
2 0.48828125 0.2015625 0.01328125 0.034375
2 0.1765625 0.390625 0.04921875 0.0703125
2 0.796875 0.18984375 0.02734375 0.03671875
2 0.47421875 0.13046875 0.0109375 0.02578125
2 0.16953125 0.121875 0.01953125 0.03046875
2 0.12265625 0.49375 0.0484375 0.09921875
2 0.04453125 0.48359375 0.08125 0.12109375
2 0.246875 0.11015625 0.02109375 0.028125
2 0.01484375 0.1796875 0.0296875 0.04609375
2 0.1359375 0.134375 0.02265625 0.025
2 0.209375 0.13359375 0.028125 0.0265625
2 0.503125 0.225 0.0140625 0.040625
2 0.534375 0.16875 0.00859375 0.0203125
4 0.13515625 0.2546875 0.08359375 0.13515625
4 0.71640625 0.45234375 0.15703125 0.465625
4 0.61796875 0.31953125 0.07734375 0.1265625