1 0.47578125 0.76953125 0.13984375 0.30546875
1 0.0234375 0.13046875 0.046875 0.0515625
3 0.7234375 0.0578125 0.03515625 0.05625
3 0.64296875 0.05 0.075 0.05
2 0.34140625 0.75859375 0.05546875 0.20078125
2 0.60859375 0.15078125 0.02109375 0.04296875
2 0.4078125 0.24296875 0.0546875 0.05625
2 0.1 0.5328125 0.04453125 0.14921875
2 0.6578125 0.1609375 0.0296875 0.0484375
2 0.2171875 0.1984375 0.03984375 0.046875
2 0.53828125 0.1546875 0.01953125 0.03671875
2 0.24375 0.82109375 0.04453125 0.13828125
2 0.01796875 0.196875 0.03203125 0.05
2 0.43359375 0.10625 0.01015625 0.03671875
2 0.30625 0.2375 0.0421875 0.05078125
2 0.39453125 0.10703125 0.01171875 0.03046875
2 0.13828125 0.21328125 0.053125 0.05859375
2 0.48671875 0.1890625 0.03984375 0.04609375
2 0.51875 0.14609375 0.01484375 0.034375
2 0.25390625 0.14296875 0.03046875 0.03515625
2 0.10234375 0.18046875 0.03515625 0.04375
2 0.028125 0.10234375 0.01640625 0.0359375
2 0.5 0.1609375 0.02421875 0.0390625
2 0.340625 0.18359375 0.04140625 0.06171875
2 0.784375 0.128125 0.02890625 0.03671875
2 0.165625 0.1984375 0.03828125 0.05
2 0.390625 0.55546875 0.04921875 0.134375
2 0.25390625 0.17890625 0.03203125 0.04921875
2 0.328125 0.22265625 0.0328125 0.0546875
2 0.096875 0.8953125 0.0765625 0.20703125
2 0.04296875 0.1890625 0.03359375 0.0453125
2 0.98203125 0.1484375 0.03203125 0.05390625
2 0.55390625 0.14453125 0.02890625 0.04296875
2 0.7515625 0.18671875 0.04296875 0.0453125
2 0.05390625 0.15859375 0.03359375 0.0453125
2 0.4265625 0.21171875 0.04140625 0.053125
0 0.5744791671875 0.5759259265625001 0.5770833328125 0.590740740625 0.5817708328125 0.6009259265625 0.5822916671875 0.622222221875 0.603125 0.734259259375 0.6151041671875 0.815740740625 0.6182291671875 0.821296296875 0.6208333328125 0.8351851859374999 0.6229166671875 0.8879629625 0.6265625 0.9046296296874999 0.6317708328125 0.9129629625 0.6359375 0.9296296296875 0.6359375 0.94351851875 0.6421875 0.9824074078124999 0.6463541671875 0.996296296875 0.6484375 0.9990740734375001 0.871875 0.9990740734375001 0.8744791671875 0.9953703703125001 0.8760416671875 0.953703703125 0.8911458328125 0.91944444375 0.89375 0.9046296296874999 0.9046875 0.80648148125 0.9098958328125001 0.7351851859375 0.9140625 0.7148148140624999 0.9145833328125 0.6879629625 0.9119791671874999 0.66851851875 0.8963541671874999 0.6333333328124999 0.8927083328125001 0.63148148125 0.890625 0.622222221875 0.8744791671875 0.590740740625 0.8114583328125 0.477777778125 0.7947916671875 0.4546296296875 0.78125 0.44351851875000003 0.7375 0.36944444375 0.7244791671875 0.3379629625 0.7145833328125 0.33148148125 0.7083333328125 0.322222221875 0.6947916671875001 0.3166666671875 0.5994791671875 0.3101851859375 0.5880208328125 0.3120370375 0.5807291671875 0.3333333328125 0.5807291671875 0.3546296296875 0.571875 0.36296296250000004 0.5677083328125 0.3953703703125 0.5671875 0.41944444374999995 0.5765625 0.4379629625 0.575 0.47407407343749997 0.5723958328125 0.48981481406249994 0.5713541671875 0.5370370375 0.5744791671875 0.5759259265625001
3 0.9276041671874999 0.3231481484375 0.9171875 0.3203703703125 0.9041666671874999 0.322222221875 0.8989583328125 0.40555555625000006 0.8984375 0.44259259218749997 0.9041666671874999 0.4481481484375 0.9203125 0.447222221875 0.9223958328125 0.44351851875000003 0.9270833328125001 0.372222221875 0.9276041671874999 0.3231481484375
3 0.5213541671875 0.048148148437499996 0.5203125 0.08518518593749999 0.5229166671875001 0.097222221875 0.5536458328125 0.0990740734375 0.5557291671875 0.09629629687499999 0.55625 0.048148148437499996 0.5213541671875 0.048148148437499996