1 0.1921875 0.19453125 0.07265625 0.05859375
1 0.55 0.2140625 0.1 0.08046875
1 0.76796875 0.26796875 0.11796875 0.08671875
1 0.815625 0.24609375 0.109375 0.075
1 0.50078125 0.8609375 0.1453125 0.27578125
1 0.2921875 0.21484375 0.09140625 0.071875
1 0.03203125 0.23828125 0.0640625 0.0765625
1 0.728125 0.83359375 0.16953125 0.26171875
1 0.4796875 0.23203125 0.0890625 0.071875
1 0.2625 0.17109375 0.09609375 0.06328125
1 0.62890625 0.18125 0.03515625 0.05859375
1 0.69140625 0.7109375 0.14921875 0.21015625
1 0.565625 0.15859375 0.0546875 0.05625
1 0.4515625 0.17578125 0.0375 0.04609375
1 0.10703125 0.8265625 0.20234375 0.340625
1 0.975 0.21484375 0.0484375 0.07421875
0 0.7359375 0.171875 0.18515625 0.12109375
0 0.08046875 0.1703125 0.1609375 0.125
2 0.26640625 0.55078125 0.05625 0.0984375
2 0.37734375 0.25546875 0.04140625 0.059375
2 0.33125 0.496875 0.03671875 0.09296875
2 0.5296875 0.26328125 0.04296875 0.05703125
2 0.703125 0.28125 0.05234375 0.078125
2 0.47265625 0.253125 0.03984375 0.046875
2 0.57265625 0.54140625 0.03359375 0.11640625
2 0.24296875 0.91171875 0.06640625 0.17421875
2 0.67265625 0.54921875 0.04453125 0.11484375
2 0.33671875 0.8765625 0.0609375 0.1859375
2 0.603125 0.19921875 0.03203125 0.0546875
2 0.5015625 0.53125 0.0421875 0.12109375
2 0.31875 0.74921875 0.05703125 0.1796875
2 0.5046875 0.1578125 0.01796875 0.034375
2 0.2953125 0.23125 0.03671875 0.04609375
2 0.66171875 0.21953125 0.03125 0.04140625
2 0.4515625 0.146875 0.0265625 0.03515625