1 0.0828125 0.1359375 0.08515625 0.05703125
1 0.4765625 0.76953125 0.13984375 0.30546875
1 0.021875 0.14296875 0.04296875 0.05703125
3 0.91328125 0.38203125 0.03125 0.13125
3 0.53984375 0.07265625 0.03515625 0.0546875
3 0.91875 0.2734375 0.02734375 0.046875
3 0.9078125 0.484375 0.02578125 0.04140625
0 0.7421875 0.65234375 0.35 0.69140625
2 0.3421875 0.75859375 0.0546875 0.2
2 0.19921875 0.71171875 0.053125 0.13828125
2 0.73203125 0.20390625 0.04765625 0.05390625
2 0.25078125 0.75859375 0.059375 0.16015625
2 0.4359375 0.25390625 0.04453125 0.0546875
2 0.6328125 0.25234375 0.0515625 0.06015625
2 0.2328125 0.18125 0.03984375 0.04453125
2 0.1171875 0.6046875 0.0546875 0.15546875
2 0.80625 0.16953125 0.0375 0.06015625
2 0.14609375 0.2140625 0.03515625 0.053125
2 0.08046875 0.1796875 0.034375 0.0515625
2 0.596875 0.1671875 0.02578125 0.04140625
2 0.44296875 0.11953125 0.01640625 0.040625
2 0.78515625 0.1296875 0.02890625 0.03359375
2 0.528125 0.240625 0.04609375 0.05390625
2 0.17890625 0.20625 0.03984375 0.05390625
2 0.76875 0.16953125 0.03671875 0.0484375
2 0.08046875 0.9390625 0.0703125 0.11953125
2 0.39140625 0.55546875 0.04765625 0.13359375
2 0.3984375 0.1171875 0.01328125 0.034375
2 0.01640625 0.51875 0.03203125 0.06875
2 0.428125 0.10390625 0.01171875 0.034375
2 0.6359375 0.21171875 0.04296875 0.0734375
2 0.38125 0.196875 0.04140625 0.05078125
2 0.03984375 0.1890625 0.05390625 0.0546875
2 0.5703125 0.19375 0.040625 0.05
2 0.71640625 0.16953125 0.03046875 0.0453125
2 0.2953125 0.228125 0.04140625 0.0515625
2 0.11953125 0.1765625 0.03359375 0.0453125
2 0.353125 0.2109375 0.04453125 0.05078125