1 0.09296875 0.134375 0.0859375 0.05625
1 0.47734375 0.76796875 0.13984375 0.30625
1 0.028125 0.1453125 0.05546875 0.06328125
3 0.53984375 0.07109375 0.03515625 0.0546875
3 0.64453125 0.0484375 0.07421875 0.05
3 0.72421875 0.05625 0.03671875 0.05546875
3 0.17109375 0.03046875 0.0109375 0.059375
3 0.91328125 0.38125 0.03125 0.13125
3 0.4578125 0.065625 0.02265625 0.040625
0 0.7421875 0.6515625 0.35 0.69296875
2 0.3421875 0.75703125 0.0546875 0.20078125
2 0.13359375 0.57734375 0.05234375 0.14375
2 0.20859375 0.69375 0.04921875 0.12578125
2 0.1671875 0.2125 0.03828125 0.06015625
2 0.771875 0.20703125 0.05 0.05
2 0.3734375 0.21171875 0.04453125 0.0515625
2 0.66328125 0.24609375 0.05859375 0.0734375
2 0.4546875 0.25625 0.0453125 0.0546875
2 0.25390625 0.18046875 0.04140625 0.0453125
2 0.0953125 0.9234375 0.07421875 0.15078125
2 0.06640625 0.19375 0.03984375 0.04453125
2 0.6109375 0.16875 0.028125 0.04140625
2 0.4453125 0.11875 0.01796875 0.04296875
2 0.3171875 0.22578125 0.04140625 0.05546875
2 0.0265625 0.178125 0.03671875 0.05703125
2 0.78515625 0.13359375 0.02890625 0.03359375
2 0.13125 0.17421875 0.03359375 0.05078125
2 0.4 0.11796875 0.0140625 0.03203125
2 0.7359375 0.171875 0.03359375 0.046875
2 0.53203125 0.221875 0.034375 0.05
2 0.32109375 0.56640625 0.04765625 0.11328125
2 0.4296875 0.10390625 0.0140625 0.0359375
2 0.265625 0.72578125 0.053125 0.15390625
2 0.56015625 0.240625 0.046875 0.0546875
2 0.509375 0.20625 0.02109375 0.04609375
2 0.18203125 0.203125 0.05 0.0640625
2 0.39140625 0.553125 0.0484375 0.134375
2 0.63984375 0.15546875 0.01796875 0.0359375
2 0.1828125 0.16484375 0.03203125 0.040625
2 0.78671875 0.17109375 0.03984375 0.0453125
2 0.39765625 0.19609375 0.04609375 0.0546875
2 0.4453125 0.209375 0.03984375 0.0453125
2 0.09296875 0.17890625 0.0359375 0.0546875
2 0.8296875 0.18046875 0.0375 0.04140625
2 0.58671875 0.19296875 0.03984375 0.046875
2 0.31796875 0.15546875 0.04453125 0.059375