1 0.20390625 0.1828125 0.08671875 0.06015625
1 0.77890625 0.81796875 0.22578125 0.36171875
1 0.53125 0.2078125 0.0828125 0.0640625
1 0.5015625 0.8984375 0.1734375 0.20078125
1 0.53203125 0.13359375 0.03671875 0.04375
1 0.63203125 0.17578125 0.07578125 0.06328125
1 0.5390625 0.59453125 0.11171875 0.23515625
1 0.45859375 0.11796875 0.028125 0.04609375
1 0.10625 0.16875 0.07109375 0.05390625
1 0.028125 0.1859375 0.05546875 0.0609375
2 0.76640625 0.21796875 0.04140625 0.0484375
2 0.09921875 0.21875 0.03359375 0.04921875
2 0.50703125 0.25546875 0.0421875 0.0546875
2 0.7171875 0.203125 0.046875 0.04296875
2 0.3859375 0.25 0.04765625 0.06875
2 0.2765625 0.13125 0.0203125 0.025
2 0.15390625 0.22578125 0.03203125 0.04375
2 0.63203125 0.24453125 0.05703125 0.05625
2 0.6328125 0.12109375 0.0203125 0.03203125
2 0.49453125 0.13984375 0.0171875 0.040625
2 0.821875 0.22578125 0.0453125 0.0484375
2 0.240625 0.228125 0.04140625 0.05
2 0.59609375 0.50078125 0.03671875 0.11484375
2 0.68671875 0.178125 0.02265625 0.03828125
2 0.7921875 0.19921875 0.0328125 0.03828125
2 0.86015625 0.2390625 0.04296875 0.0484375
2 0.43046875 0.234375 0.03203125 0.053125
2 0.5625 0.17578125 0.021875 0.03828125