1 0.48046875 0.9265625 0.18984375 0.1453125
1 0.83046875 0.190625 0.11875 0.08203125
1 0.63125 0.1734375 0.08828125 0.065625
1 0.04140625 0.15390625 0.0828125 0.10390625
1 0.26484375 0.1390625 0.0453125 0.05859375
1 0.96640625 0.22265625 0.065625 0.07890625
1 0.31796875 0.19375 0.10078125 0.0703125
1 0.86171875 0.15859375 0.06328125 0.06875
3 0.646875 0.040625 0.0765625 0.05
3 0.72734375 0.05 0.0375 0.059375
3 0.9171875 0.37421875 0.03046875 0.13046875
3 0.921875 0.265625 0.028125 0.0484375
3 0.9109375 0.47578125 0.02421875 0.04140625
2 0.17890625 0.346875 0.0328125 0.08046875
2 0.52421875 0.75390625 0.05703125 0.1453125
2 0.82734375 0.2296875 0.05078125 0.05546875
2 0.578125 0.234375 0.05234375 0.0609375
2 0.190625 0.21171875 0.04140625 0.0546875
2 0.63125 0.2265625 0.04609375 0.05625
2 0.3859375 0.2265625 0.04765625 0.06171875
2 0.44609375 0.22265625 0.04296875 0.0546875
2 0.27109375 0.73046875 0.053125 0.17890625
2 0.58046875 0.74453125 0.04765625 0.16484375
2 0.13984375 0.18671875 0.0375 0.0546875
2 0.13359375 0.8625 0.06796875 0.21953125
2 0.75703125 0.20625 0.04765625 0.05546875
2 0.73359375 0.253125 0.0609375 0.06484375
2 0.61875 0.10234375 0.0109375 0.0265625
2 0.41328125 0.071875 0.01640625 0.02890625
2 0.08359375 0.1625 0.02734375 0.0546875
2 0.66171875 0.08046875 0.0125 0.02890625
2 0.9515625 0.3234375 0.03828125 0.059375
2 0.29140625 0.2171875 0.04609375 0.0546875
2 0.66875 0.190625 0.03671875 0.04453125
2 0.2 0.79921875 0.0625 0.14453125
2 0.70546875 0.22109375 0.04609375 0.05
2 0.53984375 0.21484375 0.03359375 0.0515625
2 0.97890625 0.2765625 0.040625 0.04296875
2 0.1921875 0.70546875 0.06328125 0.13359375
2 0.86875 0.26953125 0.0359375 0.05
4 0.3421875 0.14296875 0.11484375 0.109375