1 0.3375 0.1828125 0.09140625 0.0734375
1 0.4796875 0.9390625 0.1875 0.11953125
1 0.51953125 0.18984375 0.09296875 0.059375
1 0.740625 0.1890625 0.08828125 0.0734375
3 0.9171875 0.39921875 0.03125 0.13046875
3 0.54296875 0.08984375 0.03515625 0.05390625
3 0.7265625 0.07578125 0.03828125 0.06015625
3 0.8296875 0.10703125 0.00859375 0.021875
3 0.921875 0.2890625 0.02890625 0.04921875
0 0.20234375 0.19296875 0.19609375 0.14296875
2 0.090625 0.19609375 0.03828125 0.0640625
2 0.51640625 0.23203125 0.04296875 0.05703125
2 0.7375 0.2796875 0.05390625 0.05390625
2 0.63984375 0.24296875 0.046875 0.0546875
2 0.44453125 0.24453125 0.04296875 0.05859375
2 0.81796875 0.396875 0.03515625 0.06484375
2 0.27109375 0.75546875 0.053125 0.17890625
2 0.390625 0.2234375 0.04140625 0.05078125
2 0.57578125 0.23125 0.04296875 0.0546875
2 0.8671875 0.2625 0.040625 0.05859375
2 0.43203125 0.18203125 0.03359375 0.04140625
2 0.7890625 0.26796875 0.05546875 0.05703125
2 0.71953125 0.20703125 0.03828125 0.0453125
2 0.48671875 0.1453125 0.01328125 0.03359375
2 0.46796875 0.12890625 0.00859375 0.02890625
2 0.6671875 0.17890625 0.0171875 0.028125
2 0.1921875 0.73984375 0.06328125 0.1515625
2 0.66171875 0.10859375 0.01171875 0.0234375
2 0.73359375 0.90234375 0.06171875 0.19375
2 0.5171875 0.14609375 0.0140625 0.028125
2 0.396875 0.15859375 0.01796875 0.03671875
2 0.19921875 0.8265625 0.06328125 0.14609375
2 0.0296875 0.190625 0.03203125 0.04453125
2 0.0125 0.17109375 0.02421875 0.03984375
2 0.828125 0.23359375 0.03671875 0.0453125
2 0.44375 0.15078125 0.01328125 0.03203125
2 0.22109375 0.925 0.06875 0.1484375