1 0.03359375 0.13203125 0.0671875 0.05625
3 0.64375 0.0515625 0.07578125 0.0515625
3 0.91328125 0.38359375 0.03125 0.13125
3 0.5390625 0.07265625 0.03515625 0.0546875
3 0.91796875 0.27421875 0.02734375 0.04609375
3 0.7234375 0.05859375 0.03671875 0.05546875
3 0.48203125 0.065625 0.075 0.04921875
2 0.3953125 0.10703125 0.0125 0.03671875
2 0.8203125 0.19453125 0.04609375 0.046875
2 0.246875 0.2015625 0.040625 0.04921875
2 0.63046875 0.15859375 0.021875 0.04296875
2 0.68515625 0.165625 0.03828125 0.05078125
2 0.57578125 0.1515625 0.02109375 0.03828125
2 0.56015625 0.1609375 0.0234375 0.0390625
2 0.43359375 0.109375 0.015625 0.040625
2 0.01328125 0.1640625 0.0265625 0.06875
2 0.36640625 0.22890625 0.04453125 0.05078125
2 0.04609375 0.203125 0.03359375 0.0484375
2 0.784375 0.128125 0.02890625 0.0390625
2 0.325 0.13203125 0.0109375 0.03203125
2 0.396875 0.071875 0.00703125 0.02109375
2 0.07109375 0.1921875 0.0328125 0.04375
2 0.47890625 0.215625 0.03046875 0.05078125
2 0.53984375 0.19140625 0.03984375 0.0484375
1 0.4171875 0.753703703125 0.409375 0.8101851859375 0.41197916718750005 0.8370370375 0.41197916718750005 0.9037037031249999 0.4166666671875 0.9111111109375001 0.4322916671875 0.915740740625 0.45375 0.9129629625 0.5302083328125 0.9175925921875001 0.5369791671875 0.9148148140625001 0.540625 0.9055555562500001 0.5416666671875 0.89444444375 0.5427083328125 0.8138888890624999 0.5411458328125 0.7870370375 0.5375 0.775 0.5380208328125 0.7611111109375 0.5348958328125 0.7416666671875001 0.5348958328125 0.7111111109375 0.53125 0.6898148140625 0.5338541671875 0.672222221875 0.5427083328125 0.66944444375 0.5453125 0.6574074078125001 0.5364583328125 0.6490740734375 0.5302083328125 0.65 0.5213541671875 0.6259259265625 0.48802083281249997 0.61851851875 0.4375 0.621296296875 0.425 0.64351851875 0.4140625 0.6453703703125 0.409375 0.65 0.40989583281249997 0.6611111109375 0.41432291718750003 0.6620370375 0.4223958328125 0.6768518515624999 0.4223958328125 0.6898148140625 0.41875 0.709259259375 0.4171875 0.753703703125
2 0.38333333281250004 0.61944444375 0.3895833328125 0.621296296875 0.39375 0.6120370375 0.4145833328125 0.5990740734375 0.41041666718750003 0.54444444375 0.41510416718750004 0.5129629625 0.4125 0.5018518515625 0.41302083281249996 0.49259259218749996 0.4114583328125 0.48981481406249994 0.40625 0.49629629687500004 0.4 0.49259259218749996 0.396875 0.465740740625 0.3890625 0.46666666718750005 0.3807291671875 0.48703703750000005 0.3651041671875 0.5046296296875 0.3609375 0.51944444375 0.35989583281250004 0.5296296296875 0.3645833328125 0.5351851859375001 0.3697916671875 0.5666666671875 0.3697916671875 0.5916666671875 0.3802083328125 0.60555555625 0.38333333281250004 0.61944444375
2 0.3260416671875 0.8546296296874999 0.3302083328125 0.8583333328125 0.33541666718749996 0.8518518515625001 0.3505208328125 0.8175925921875 0.3572916671875 0.7916666671875 0.3651041671875 0.775 0.3625 0.7553240734375 0.36770833281250004 0.6925925921875 0.3479166671875 0.66851851875 0.3427083328125 0.6564814812499999 0.3427083328125 0.6425925921875 0.3375 0.634259259375 0.33125 0.640740740625 0.3291666671875 0.6518518515625 0.3302083328125 0.6601851859375001 0.31979166718749996 0.66851851875 0.321875 0.6777777781250001 0.3192708328125 0.7009259265625001 0.3234375 0.7129629625 0.32083333281250004 0.7240740734375 0.3145833328125 0.8111111109375001 0.3260416671875 0.8546296296874999
2 0.246875 0.8083333328125001 0.253125 0.815740740625 0.2557291671875 0.825 0.259375 0.8222222218749999 0.2640625 0.8027777781250001 0.2703125 0.79444444375 0.2776041671875 0.7518518515625 0.2833333328125 0.747222221875 0.2854166671875 0.7351851859375 0.284375 0.7101851859375 0.275 0.6898148140625 0.28125 0.672222221875 0.275 0.66944444375 0.2692708328125 0.6537037031249999 0.2666666671875 0.6518518515625 0.2630208328125 0.6398148140625 0.2635416671875 0.6259259265625 0.2588541671875 0.6175925921875 0.2515625 0.61851851875 0.2479166671875 0.628703703125 0.24583333281250003 0.6481481484375 0.2364583328125 0.659259259375 0.2322916671875 0.671296296875 0.2322916671875 0.684259259375 0.2359375 0.6861111109375 0.23802083281250003 0.7009259265625001 0.23177083281250002 0.7101851859375 0.22916666718749998 0.7398148140624999 0.23072916718749997 0.747222221875 0.22916666718749998 0.759259259375 0.2359375 0.7611111109375 0.2421875 0.771296296875 0.2421875 0.7824074078125001 0.246875 0.8083333328125001
2 0.08541666718749999 0.5740740734374999 0.08645833281250001 0.5796296296875 0.0921875 0.5861111109375 0.09895833281250001 0.584259259375 0.1010416671875 0.578703703125 0.1 0.559259259375 0.10729166718750001 0.5555555562500001 0.10729166718750001 0.5490740734374999 0.0994791671875 0.5416666671875 0.09375 0.5203703703125 0.0890625 0.515740740625 0.0838541671875 0.47592592656250005 0.0765625 0.46388888906250003 0.0760416671875 0.45370370312499997 0.07291666718749999 0.447222221875 0.0640625 0.44907407343749994 0.065625 0.4675925921875 0.058333332812500006 0.4861111109375 0.054166667187499996 0.48981481406249994 0.05208333281250001 0.4990740734375 0.05625 0.5314814812499999 0.0635416671875 0.5583333328125 0.0635416671875 0.575 0.0692708328125 0.577777778125 0.07760416718749999 0.5703703703125 0.08541666718749999 0.5740740734374999
2 0.1859375 0.9111111109375001 0.1921875 0.8888888890625 0.1963541671875 0.884259259375 0.1953125 0.88055555625 0.1838541671875 0.8759259265624999 0.1739583328125 0.8648148140625 0.1669270828125 0.8629629624999999 0.1604166671875 0.853703703125 0.1625 0.8435185187500001 0.1614583328125 0.8296296296874999 0.1578125 0.8222222218749999 0.1505208328125 0.8203703703125 0.1463541671875 0.8259259265625 0.1395833328125 0.8453703703125001 0.14114583281249998 0.859259259375 0.1395833328125 0.86851851875 0.1307291671875 0.877777778125 0.1270833328125 0.896296296875 0.14010416718750002 0.9990740734375001 0.1833333328125 0.9990740734375001 0.1890625 0.9870370375 0.1854166671875 0.9759259265625 0.1859375 0.9111111109375001
2 0.1302083328125 0.9074074078125 0.1291666671875 0.9046296296874999 0.1572916671875 0.8203703703125 0.1614583328125 0.8175925921875 0.1619791671875 0.8009259265625 0.1578125 0.784259259375 0.1604166671875 0.76944444375 0.1578125 0.7620370375000001 0.13229166718750002 0.7398148140624999 0.1291666671875 0.7120370375 0.12291666718750001 0.7018518515625 0.11510416718750001 0.703703703125 0.1109375 0.7120370375 0.11041666718750001 0.7296296296875 0.10659739531250001 0.7351851859375 0.1010416671875 0.7351851859375 0.0958333328125 0.740740740625 0.09114583281250001 0.7648148140625 0.08854166718749999 0.8111111109375001 0.0979166671875 0.8648148140625 0.0916666671875 0.925 0.11510416718750001 0.9379629625 0.1276041671875 0.9175925921875001 0.1302083328125 0.9074074078125
2 0 0.8583333328125 0.0083333328125 0.8666666671875 0.017708332812499998 0.8611111109375 0.025520832812499998 0.8416666671874999 0.0328125 0.8388888890624999 0.0369791671875 0.8333333328125001 0.0307291671875 0.7990740734374999 0.0302083328125 0.772222221875 0.0270833328125 0.759259259375 0.0364583328125 0.7518518515625 0.0364583328125 0.7481481484375 0.021875 0.7268518515625 0.0098958328125 0.725 0 0.725 0 0.7518518515625 0.0026041671875 0.7546296296875 0.0098958328125 0.7861111109375 0.0052083328125 0.8027777781250001 0 0.80648148125 0 0.8583333328125
0 0.571875 0.547222221875 0.5755208328125 0.5833333328125 0.5802083328125 0.5925925921874999 0.5822916671875 0.6041666671875 0.5838541671875 0.6296296296875 0.6057291671875 0.7481481484375 0.6151041671875 0.8148148140625 0.6208333328125 0.8351851859374999 0.625 0.896296296875 0.6265625 0.9046296296874999 0.63125 0.9120370375 0.6421875 0.9824074078124999 0.6463541671875 0.9953703703125001 0.6484375 0.9990740734375001 0.8973958328125 0.9990740734375001 0.8994791671875 0.9953703703125001 0.9036458328125001 0.9953703703125001 0.9052083328125 0.9861111109375 0.8979166671875 0.8703703703125001 0.9026041671874999 0.8388888890624999 0.9098958328125001 0.7379629624999999 0.9140625 0.7175925921874999 0.9140625 0.68148148125 0.9114583328125001 0.665740740625 0.9046875 0.65 0.8651041671874999 0.5731481484375001 0.8427083328125 0.5361111109375 0.8401041671874999 0.5268518515625 0.8291666671875 0.5120370375000001 0.8239583328125001 0.4990740734375 0.8020833328125001 0.46296296249999996 0.78125 0.44351851875000003 0.7333333328125 0.3620370375 0.7239583328125 0.3379629625 0.7135416671875 0.33148148125 0.7083333328125 0.322222221875 0.6963541671875 0.31759259218749997 0.590625 0.3111111109375 0.5869791671875 0.3148148140625 0.5817708328125 0.328703703125 0.5817708328125 0.34722222187499996 0.571875 0.3648148140625 0.5682291671875 0.39444444375 0.5677083328125 0.4203703703125 0.5734375 0.42222222187499997 0.5765625 0.43055555625 0.5755208328125 0.47222222187499996 0.571875 0.5120370375000001 0.571875 0.547222221875
2 0.4859375 0.26574074062499997 0.4859375 0.2546296296875 0.4828125 0.24351851875000002 0.4791666671875 0.240740740625 0.4713541671875 0.221296296875 0.46458333281249997 0.2138888890625 0.46302083281249995 0.19351851874999998 0.45885416718750005 0.1898148140625 0.45416666718750004 0.1925925921875 0.4526041671875 0.2148148140625 0.4380208328125 0.22777777812500002 0.43385416718750003 0.23611111093749998 0.43333333281249997 0.24814814843750002 0.4447916671875 0.2703703703125 0.46875 0.2629629625 0.47552083281249996 0.271296296875 0.48020833281249997 0.272222221875 0.4859375 0.26574074062499997
2 0.3572916671875 0.25833333281250004 0.35625 0.24259259218749998 0.346875 0.2166666671875 0.3375 0.2018518515625 0.3333333328125 0.1833333328125 0.32864583281250004 0.1851851859375 0.3161458328125 0.22685185156249998 0.3151041671875 0.24259259218749998 0.32083333281250004 0.2629629625 0.3416666671875 0.25740740781250004 0.3484375 0.26574074062499997 0.353125 0.2666666671875 0.3572916671875 0.25833333281250004
2 0.1973958328125 0.24351851875000002 0.1994791671875 0.2388888890625 0.2046875 0.20833333281250002 0.1932291671875 0.18148148125000002 0.18802083281249998 0.18055555625 0.1848958328125 0.1768518515625 0.1854166671875 0.1740740734375 0.1739583328125 0.17314814843749998 0.1697916671875 0.18148148125000002 0.165625 0.18148148125000002 0.1588541671875 0.197222221875 0.1572916671875 0.209259259375 0.1604166671875 0.22777777812500002 0.165625 0.2416666671875 0.1739583328125 0.24259259218749998 0.18020833281249998 0.2379629625 0.1973958328125 0.24351851875000002