1 0.4765625 0.7703125 0.13984375 0.30546875
1 0.05859375 0.1359375 0.08671875 0.05703125
3 0.91328125 0.38359375 0.03125 0.13203125
3 0.91875 0.275 0.02734375 0.04609375
3 0.53984375 0.0734375 0.03515625 0.0546875
3 0.9078125 0.48515625 0.025 0.04296875
3 0.64453125 0.0515625 0.07578125 0.04921875
0 0.74140625 0.653125 0.35 0.68984375
2 0.3421875 0.76015625 0.05546875 0.2
2 0.0375 0.5140625 0.06640625 0.09296875
2 0.07265625 0.68359375 0.06328125 0.17578125
2 0.1640625 0.20546875 0.03203125 0.05390625
2 0.64375 0.2 0.04296875 0.05
2 0.21328125 0.84765625 0.06328125 0.17109375
2 0.55703125 0.2515625 0.05078125 0.05625
2 0.39140625 0.24375 0.04296875 0.06171875
2 0.24140625 0.21953125 0.04765625 0.065625
2 0.30546875 0.209375 0.04296875 0.05
2 0.10078125 0.21171875 0.03359375 0.0484375
2 0.05 0.178125 0.034375 0.05078125
2 0.67578125 0.16875 0.0265625 0.04453125
2 0.4390625 0.11875 0.01328125 0.0359375
2 0.78515625 0.13046875 0.02890625 0.0359375
2 0.45078125 0.2359375 0.053125 0.05625
2 0.1875 0.18125 0.03828125 0.04453125
2 0.29296875 0.1453125 0.03203125 0.03515625
2 0.27578125 0.6640625 0.03359375 0.1140625
2 0.396875 0.115625 0.01171875 0.03359375
2 0.12421875 0.19453125 0.0328125 0.04453125
2 0.42734375 0.10078125 0.01484375 0.03515625
2 0.0125 0.19375 0.025 0.04375
2 0.7265625 0.1671875 0.02890625 0.046875
2 0.39140625 0.55625 0.0484375 0.13359375
2 0.60546875 0.16953125 0.03359375 0.05
2 0.33046875 0.1984375 0.03671875 0.04140625
2 0.57890625 0.178125 0.03671875 0.040625
2 0.2578125 0.1625 0.02109375 0.03828125
2 0.753125 0.1734375 0.03515625 0.04609375
2 0.5609375 0.21640625 0.04609375 0.0609375
2 0.171875 0.75234375 0.0609375 0.17890625