1 0.02265625 0.1328125 0.04453125 0.0546875
3 0.64296875 0.05 0.07578125 0.05
3 0.5390625 0.071875 0.03515625 0.0546875
3 0.7234375 0.05859375 0.0359375 0.05703125
3 0.9125 0.38359375 0.03203125 0.13125
2 0.74453125 0.18671875 0.04296875 0.04453125
2 0.60546875 0.15 0.01953125 0.04296875
2 0.096875 0.5703125 0.03671875 0.08125
2 0.48125 0.1875 0.0390625 0.046875
2 0.14140625 0.21796875 0.0390625 0.046875
2 0.015625 0.18828125 0.03046875 0.06640625
2 0.39453125 0.10703125 0.01171875 0.0296875
2 0.25234375 0.14296875 0.0296875 0.0359375
2 0.496875 0.1609375 0.0234375 0.03828125
2 0.4328125 0.10546875 0.0109375 0.03671875
2 0.5359375 0.1546875 0.01953125 0.03671875
2 0.5171875 0.14453125 0.015625 0.03515625
2 0.78359375 0.128125 0.02890625 0.0359375
2 0.55703125 0.14609375 0.02109375 0.0390625
2 0.6546875 0.159375 0.02890625 0.05078125
2 0.1 0.18046875 0.03671875 0.04375
2 0.23671875 0.18828125 0.02734375 0.03984375
2 0.1625 0.196875 0.03984375 0.053125
2 0.04140625 0.1890625 0.03125 0.0453125
2 0.25078125 0.18046875 0.03359375 0.046875
2 0.05625 0.9990740734375001 0.090625 0.9990740734375001 0.096875 0.9759259265625 0.1078125 0.9629629625 0.1067708328125 0.9416666671874999 0.1098958328125 0.9296296296875 0.1125 0.9231481484374999 0.1234375 0.9166666671874999 0.1265625 0.9083333328125001 0.1317708328125 0.865740740625 0.1307291671875 0.8490740734375001 0.1270833328125 0.8425925921875 0.1296875 0.828703703125 0.1270833328125 0.821296296875 0.1 0.8 0.0953125 0.7666666671875 0.0895833328125 0.7583333328124999 0.0802083328125 0.759259259375 0.078125 0.7629629625 0.07552083281250001 0.771296296875 0.0760416671875 0.790740740625 0.0625 0.797222221875 0.0557291671875 0.8259259265625 0.0557291671875 0.8481481484375 0.05208333281250001 0.8731481484374999 0.058333332812500006 0.9083333328125001 0.0609375 0.9472222218749999 0.05625 0.9796296296874999 0.05625 0.9990740734375001
2 0.2270833328125 0.8629629624999999 0.22760416718749998 0.88055555625 0.24375 0.8925925921875001 0.2479166671875 0.878703703125 0.2557291671875 0.8666666671875 0.2635416671875 0.8259259265625 0.2791666671875 0.8175925921875 0.2791666671875 0.8101851859375 0.2723958328125 0.80648148125 0.2713541671875 0.79444444375 0.271875 0.7814814812499999 0.2755208328125 0.7731481484375 0.275 0.7629629625 0.2671875 0.7509259265625 0.2552083328125 0.7453703703125 0.2546875 0.7379629624999999 0.2614583328125 0.7240740734375 0.2609375 0.7166666671875 0.25 0.7018518515625 0.2479166671875 0.6768518515624999 0.2427083328125 0.672222221875 0.23541666718749998 0.6768518515624999 0.2270833328125 0.7101851859375 0.2203125 0.715740740625 0.2166666671875 0.7240740734375 0.215625 0.7370370375 0.2182291671875 0.76944444375 0.2130208328125 0.7796296296875 0.21458333281250003 0.8101851859375 0.22239583281250003 0.8203703703125 0.2234375 0.852777778125 0.2270833328125 0.8629629624999999
2 0.3182291671875 0.7583333328124999 0.3182291671875 0.784259259375 0.3140625 0.8111111109375001 0.3244791671875 0.85 0.3296875 0.8583333328125 0.3473958328125 0.821296296875 0.3578125 0.7879629625 0.3651041671875 0.772222221875 0.3619791671875 0.7520833328125 0.365625 0.6916666671875 0.34427083281250004 0.6648148140625 0.3421875 0.64444444375 0.3375 0.6351851859375001 0.3338541671875 0.634259259375 0.3302083328125 0.640740740625 0.32864583281250004 0.6629629625 0.3182291671875 0.6675925921875 0.32083333281250004 0.678703703125 0.3182291671875 0.7009259265625001 0.321875 0.7148148140624999 0.31979166718749996 0.7240740734375 0.3213541671875 0.74351851875 0.3182291671875 0.7583333328124999
2 0.3802083328125 0.60648148125 0.38333333281250004 0.61944444375 0.3885416671875 0.621296296875 0.39375 0.6111111109375 0.4140625 0.5990740734375 0.4114583328125 0.5379629625 0.4135416671875 0.5138888890625 0.4125 0.49259259218749996 0.4114583328125 0.48981481406249994 0.40625 0.49629629687500004 0.3994791671875 0.4916666671875 0.3963541671875 0.465740740625 0.3921875 0.46388888906250003 0.3885416671875 0.46666666718750005 0.38125 0.4861111109375 0.3645833328125 0.5046296296875 0.3604166671875 0.5203703703125 0.35989583281250004 0.5324074078125001 0.3645833328125 0.5351851859375001 0.3692708328125 0.5638888890625 0.3692708328125 0.590740740625 0.3729166671875 0.5990740734375 0.3802083328125 0.60648148125
2 0.4234375 0.26944444375 0.4291666671875 0.2629629625 0.42760416718750005 0.24259259218749998 0.41875 0.22870370312500002 0.41614583281249995 0.221296296875 0.41770833281249997 0.21574074062499998 0.40052083281249995 0.19537037031249999 0.396875 0.1981481484375 0.3947916671875 0.2148148140625 0.3796875 0.22777777812500002 0.3776041671875 0.2388888890625 0.3770833328125 0.24722222187499998 0.3817708328125 0.2518518515625 0.384375 0.2629629625 0.3880208328125 0.2675925921875 0.4109375 0.2601851859375 0.4234375 0.26944444375
2 0.3203125 0.2611111109375 0.3255208328125 0.24814814843750002 0.3223958328125 0.23518518593749999 0.3177083328125 0.2296296296875 0.3177083328125 0.221296296875 0.3213541671875 0.2166666671875 0.3036458328125 0.1879629625 0.2989583328125 0.184259259375 0.2947916671875 0.1898148140625 0.2901041671875 0.2203703703125 0.284375 0.2259259265625 0.2828125 0.2398148140625 0.2859375 0.2546296296875 0.290625 0.2601851859375 0.2984375 0.2546296296875 0.3067708328125 0.253703703125 0.3203125 0.2611111109375
2 0.2338541671875 0.21574074062499998 0.2322916671875 0.197222221875 0.21979166718749998 0.1759259265625 0.21770833281250002 0.1620370375 0.21354166718749998 0.15648148125 0.20833333281250002 0.1620370375 0.203125 0.1768518515625 0.1989583328125 0.177777778125 0.196875 0.1851851859375 0.19583333281249998 0.2009259265625 0.2046875 0.21851851875 0.2192708328125 0.2138888890625 0.22395833281250002 0.2203703703125 0.228125 0.221296296875 0.2338541671875 0.21574074062499998
1 0.41041666718750003 0.8768518515625001 0.41197916718750005 0.9037037031249999 0.4171875 0.9111111109375001 0.4270833328125 0.9148148140625001 0.49895833281249996 0.9138888890624999 0.5135416671875 0.9175925921875001 0.5364583328125 0.9148148140625001 0.5395833328124999 0.9074074078125 0.5411458328125 0.89444444375 0.5421875 0.809259259375 0.540625 0.7861111109375 0.5375 0.7759259265625 0.5380208328125 0.7620370375000001 0.5348958328125 0.7425925921875 0.534375 0.7101851859375 0.5307291671875001 0.6777777781250001 0.5354166671875 0.6703703703125 0.5421875 0.66944444375 0.5447916671875 0.6648148140625 0.5447916671875 0.6555555562500001 0.5369791671875 0.6490740734375 0.5302083328125 0.6490740734375 0.521875 0.6268518515625 0.5171875 0.6231481484375 0.4692708328125 0.6175925921875 0.4359375 0.6231481484375 0.4213541671875 0.646296296875 0.42291666718750004 0.6481481484375 0.4192708328125 0.6638888890625 0.4203125 0.6925925921875 0.41510416718750004 0.7638888890625 0.41197916718750005 0.7768518515625 0.4088541671875 0.8101851859375 0.41197916718750005 0.8379629625 0.41041666718750003 0.8768518515625001
0 0.5822916671875 0.60555555625 0.5822916671875 0.6231481484375 0.6052083328125 0.746296296875 0.6119791671875 0.7981481484375 0.6208333328125 0.8361111109375001 0.6229166671875 0.8879629625 0.6260416671875 0.9037037031249999 0.634375 0.922222221875 0.6421875 0.9824074078124999 0.6463541671875 0.996296296875 0.6484375 0.9990740734375001 0.8713541671874999 0.9990740734375001 0.8755208328125 0.99444444375 0.8760416671875 0.9801851859375 0.8916666671875 0.91944444375 0.8953125 0.884259259375 0.8984375 0.872222221875 0.909375 0.7379629624999999 0.9140625 0.7138888890625 0.9145833328125 0.6879629625 0.9109375 0.6648148140625 0.8744791671875 0.590740740625 0.8114583328125 0.477777778125 0.8015625 0.4620370375 0.78125 0.44351851875000003 0.7333333328125 0.3620370375 0.7239583328125 0.3379629625 0.7083333328125 0.322222221875 0.6947916671875001 0.3166666671875 0.5994791671875 0.3101851859375 0.5880208328125 0.3120370375 0.58125 0.33055555625 0.58125 0.3481481484375 0.571875 0.36296296250000004 0.5677083328125 0.3953703703125 0.5671875 0.41944444374999995 0.5734375 0.42222222187499997 0.5760416671875 0.43055555625 0.5713541671875 0.5370370375 0.5755208328125 0.584259259375 0.5822916671875 0.60555555625