1 0.09609375 0.1390625 0.08359375 0.06015625
1 0.4765625 0.7578125 0.13984375 0.30625
3 0.9140625 0.37265625 0.03125 0.13046875
3 0.53984375 0.0609375 0.03515625 0.05546875
3 0.91875 0.26328125 0.028125 0.046875
0 0.74140625 0.646875 0.35 0.7015625
2 0.3421875 0.74765625 0.05546875 0.19921875
2 0.33671875 0.5609375 0.0375 0.10625
2 0.06171875 0.171875 0.03359375 0.05078125
2 0.03125 0.88515625 0.06015625 0.2109375
2 0.1703125 0.8046875 0.07265625 0.190625
2 0.2453125 0.203125 0.03828125 0.053125
2 0.409375 0.1171875 0.01484375 0.0359375
2 0.778125 0.2390625 0.0515625 0.05625
2 0.1890625 0.18828125 0.046875 0.05390625
2 0.01640625 0.1515625 0.0328125 0.05703125
2 0.27421875 0.084375 0.02109375 0.02421875
2 0.11953125 0.17578125 0.03515625 0.06015625
2 0.51640625 0.21328125 0.046875 0.05390625
2 0.45703125 0.22578125 0.04375 0.05390625
2 0.253125 0.44921875 0.0546875 0.10078125
2 0.728125 0.22421875 0.04921875 0.053125
2 0.83203125 0.196875 0.04375 0.0484375
2 0.3125 0.2234375 0.04296875 0.0546875
2 0.47734375 0.1234375 0.0171875 0.04453125
2 0.271875 0.56484375 0.046875 0.13671875
2 0.5828125 0.26875 0.05078125 0.06171875
2 0.4390625 0.109375 0.01640625 0.0359375
2 0.5734375 0.20625 0.0421875 0.053125
2 0.39140625 0.54453125 0.04921875 0.134375
2 0.6859375 0.209375 0.04609375 0.05
2 0.30859375 0.1234375 0.01953125 0.04296875
2 0.78515625 0.11875 0.03046875 0.034375
2 0.8703125 0.24375 0.03046875 0.07421875
2 0.809375 0.18125 0.03046875 0.040625
2 0.465625 0.17109375 0.0359375 0.04375
2 0.9859375 0.16953125 0.02734375 0.05859375
2 0.7703125 0.16875 0.04140625 0.04453125
2 0.2953125 0.16328125 0.0328125 0.0359375
2 0.38984375 0.1765625 0.0328125 0.04375
2 0.4140625 0.20859375 0.04609375 0.05546875
2 0.71796875 0.1765625 0.0375 0.0390625