1 0.20078125 0.19375 0.07109375 0.05859375
1 0.83203125 0.24609375 0.109375 0.075
1 0.5609375 0.2140625 0.1 0.08046875
1 0.7828125 0.26796875 0.12265625 0.0859375
1 0.50078125 0.86015625 0.14609375 0.278125
1 0.10625 0.8265625 0.20390625 0.34453125
1 0.26953125 0.1703125 0.096875 0.06328125
1 0.4921875 0.23125 0.0890625 0.0703125
1 0.634375 0.18125 0.0390625 0.06015625
1 0.034375 0.240625 0.0640625 0.078125
1 0.728125 0.8328125 0.16875 0.26171875
1 0.56875 0.16015625 0.05625 0.06484375
1 0.30078125 0.2125 0.09296875 0.06953125
0 0.74296875 0.171875 0.18359375 0.121875
0 0.08515625 0.17265625 0.1703125 0.12109375
2 0.26640625 0.5484375 0.05625 0.10078125
2 0.73125 0.28046875 0.05234375 0.08125
2 0.396875 0.25390625 0.04296875 0.06171875
2 0.5484375 0.265625 0.04453125 0.05390625
2 0.33203125 0.49296875 0.0375 0.10078125
2 0.5734375 0.540625 0.034375 0.11640625
2 0.48828125 0.25546875 0.03984375 0.046875
2 0.31875 0.74609375 0.05703125 0.18359375
2 0.5015625 0.53046875 0.0421875 0.12109375
2 0.66875 0.5484375 0.0484375 0.11640625
2 0.4609375 0.14375 0.03046875 0.0359375
2 0.3390625 0.86640625 0.05859375 0.18203125
2 0.24296875 0.91328125 0.065625 0.171875
2 0.309375 0.23359375 0.03671875 0.04375
2 0.66875 0.21953125 0.0359375 0.0390625
2 0.51015625 0.15859375 0.01953125 0.03203125
2 0.38515625 0.753125 0.05546875 0.19140625