1 0.4765625 0.75703125 0.13984375 0.30625
1 0.165625 0.13046875 0.08671875 0.0640625
1 0.109375 0.13828125 0.0859375 0.0609375
3 0.64453125 0.0359375 0.07578125 0.05
3 0.9140625 0.3703125 0.03125 0.1296875
3 0.725 0.04453125 0.03671875 0.05546875
3 0.53984375 0.059375 0.03515625 0.0546875
3 0.48359375 0.05078125 0.07578125 0.0484375
3 0.91875 0.26171875 0.02734375 0.046875
3 0.9078125 0.471875 0.02578125 0.04140625
0 0.74140625 0.64609375 0.35 0.70390625
2 0.04140625 0.840625 0.05703125 0.203125
2 0.48515625 0.42421875 0.05859375 0.0984375
2 0.3421875 0.74453125 0.0546875 0.19921875
2 0.178125 0.7890625 0.07265625 0.18828125
2 0.0765625 0.17109375 0.03359375 0.0515625
2 0.54140625 0.21328125 0.046875 0.05546875
2 0.60390625 0.27109375 0.05078125 0.059375
2 0.8171875 0.240625 0.05234375 0.0546875
2 0.7625 0.2234375 0.04921875 0.05625
2 0.48125 0.22578125 0.04453125 0.05390625
2 0.8640625 0.19609375 0.04375 0.05390625
2 0.259375 0.08359375 0.021875 0.02578125
2 0.3390625 0.2234375 0.04296875 0.05546875
2 0.1359375 0.17578125 0.03671875 0.06015625
2 0.34921875 0.5421875 0.03359375 0.09375
2 0.79375 0.1703125 0.0375 0.040625
2 0.209375 0.18046875 0.0421875 0.06875
2 0.2546875 0.20078125 0.03828125 0.05625
2 0.0234375 0.1515625 0.0421875 0.0546875
2 0.4609375 0.11796875 0.0140625 0.0390625
2 0.7140625 0.20859375 0.04765625 0.05078125
2 0.7859375 0.11640625 0.02890625 0.03515625
2 0.5953125 0.20859375 0.0421875 0.05
2 0.290625 0.421875 0.02734375 0.071875
2 0.7625 0.15859375 0.03359375 0.04375
2 0.83828125 0.18203125 0.0359375 0.04296875
2 0.26796875 0.4484375 0.03671875 0.06171875
2 0.94375 0.17421875 0.02109375 0.053125
2 0.4421875 0.10703125 0.0171875 0.03515625
2 0.73671875 0.17109375 0.03203125 0.03671875
2 0.39140625 0.54296875 0.04921875 0.13359375
2 0.41171875 0.11953125 0.015625 0.03671875
2 0.9390625 0.25546875 0.02578125 0.05546875
2 0.4140625 0.1765625 0.03359375 0.04375
2 0.49140625 0.16953125 0.03671875 0.0453125
2 0.434375 0.209375 0.0453125 0.05390625
2 0.32265625 0.19453125 0.0390625 0.05
2 0.27890625 0.55 0.04453125 0.13515625
2 0.00546875 0.1890625 0.0109375 0.04296875