1 0.65546875 0.17734375 0.1 0.065625
1 0.38984375 0.20234375 0.11015625 0.07109375
1 0.4796875 0.9265625 0.1875 0.1453125
1 0.3078125 0.14296875 0.05390625 0.06015625
1 0.01796875 0.1125 0.0359375 0.046875
3 0.646875 0.04140625 0.0765625 0.05
3 0.72734375 0.05078125 0.03828125 0.06015625
3 0.91796875 0.34140625 0.03515625 0.20078125
3 0.921875 0.26640625 0.02734375 0.046875
3 0.48671875 0.05625 0.07734375 0.05078125
2 0.20703125 0.3703125 0.0359375 0.08515625
2 0.52421875 0.75546875 0.05859375 0.146875
2 0.671875 0.246875 0.05703125 0.05390625
2 0.4765625 0.23828125 0.05234375 0.0609375
2 0.26484375 0.22109375 0.046875 0.05625
2 0.38203125 0.2265625 0.04140625 0.0515625
2 0.1875 0.19375 0.03828125 0.0515625
2 0.046875 0.8984375 0.06640625 0.2015625
2 0.79765625 0.2265625 0.04921875 0.053125
2 0.27109375 0.73125 0.05234375 0.1796875
2 0.85390625 0.259375 0.05546875 0.06796875
2 0.3359375 0.215625 0.04140625 0.05078125
2 0.63125 0.22421875 0.04296875 0.04921875
2 0.58046875 0.73515625 0.04921875 0.14453125
2 0.72734375 0.2328125 0.05 0.05859375
2 0.13359375 0.86640625 0.06640625 0.21328125
2 0.28671875 0.17578125 0.04453125 0.05625
2 0.0171875 0.77890625 0.034375 0.1859375
2 0.59375 0.90625 0.05703125 0.184375
2 0.4640625 0.1625 0.02421875 0.04375
2 0.2 0.79921875 0.0625 0.14453125
2 0.5265625 0.2328125 0.0453125 0.053125
2 0.63671875 0.1953125 0.04453125 0.04453125
2 0.7203125 0.196875 0.04375 0.04453125
4 0.39140625 0.14140625 0.115625 0.1015625
4 0.5375 0.17421875 0.12578125 0.11328125