1 0.4796875 0.9390625 0.18828125 0.1203125
1 0.32890625 0.1828125 0.09609375 0.07109375
1 0.51015625 0.1890625 0.0875 0.0609375
1 0.7328125 0.1875 0.08671875 0.0734375
1 0.584375 0.1453125 0.07265625 0.05
3 0.91796875 0.36484375 0.03515625 0.2015625
3 0.72734375 0.07421875 0.0375 0.05859375
3 0.646875 0.065625 0.0765625 0.0515625
3 0.54296875 0.090625 0.03515625 0.05703125
0 0.18671875 0.18984375 0.19765625 0.14296875
2 0.0765625 0.19453125 0.03515625 0.06015625
2 0.42578125 0.24296875 0.04375 0.05625
2 0.621875 0.24140625 0.0453125 0.0546875
2 0.73671875 0.91875 0.06484375 0.15859375
2 0.80625 0.40859375 0.0328125 0.06328125
2 0.715625 0.278125 0.05234375 0.0546875
2 0.375 0.221875 0.03984375 0.0484375
2 0.49921875 0.23125 0.04375 0.05625
2 0.27109375 0.7546875 0.053125 0.1796875
2 0.853125 0.26171875 0.0546875 0.0640625
2 0.70859375 0.20625 0.03515625 0.04375
2 0.7671875 0.2625 0.05078125 0.06171875
2 0.48359375 0.14296875 0.01328125 0.034375
2 0.01640625 0.18046875 0.0328125 0.0609375
2 0.44296875 0.14609375 0.01328125 0.03828125
2 0.42578125 0.18046875 0.03359375 0.040625
2 0.1921875 0.746875 0.06328125 0.165625
2 0.6546875 0.17734375 0.02421875 0.03203125
2 0.39765625 0.15859375 0.01796875 0.034375
2 0.56015625 0.23046875 0.04453125 0.0515625
2 0.81328125 0.23359375 0.03671875 0.04609375
2 0.54140625 0.16328125 0.02109375 0.03125
2 0.38359375 0.18359375 0.021875 0.0390625
2 0.22109375 0.925 0.06875 0.1484375