1 0.04140625 0.1359375 0.0828125 0.05859375
1 0.4765625 0.76953125 0.13984375 0.3046875
3 0.64453125 0.0515625 0.075 0.05
3 0.91328125 0.38359375 0.03203125 0.13203125
3 0.91796875 0.275 0.02734375 0.04609375
3 0.53984375 0.0734375 0.03515625 0.05546875
0 0.7421875 0.653125 0.35078125 0.690625
2 0.05859375 0.52265625 0.06484375 0.09921875
2 0.3421875 0.759375 0.05546875 0.19921875
2 0.39609375 0.109375 0.01171875 0.0390625
2 0.1515625 0.1984375 0.03203125 0.06171875
2 0.21171875 0.22265625 0.04296875 0.053125
2 0.50703125 0.24453125 0.053125 0.065625
2 0.275 0.20546875 0.0421875 0.0484375
2 0.18828125 0.90859375 0.06484375 0.1796875
2 0.65234375 0.16328125 0.02421875 0.04609375
2 0.4375 0.11171875 0.01328125 0.040625
2 0.07265625 0.2046875 0.034375 0.0515625
2 0.4078125 0.2328125 0.04765625 0.05078125
2 0.36328125 0.2453125 0.04296875 0.0515625
2 0.03828125 0.7453125 0.06875 0.19296875
2 0.78515625 0.1296875 0.02890625 0.03671875
2 0.03046875 0.178125 0.03359375 0.0484375
2 0.30078125 0.19375 0.034375 0.04453125
2 0.5515625 0.1671875 0.02890625 0.05078125
2 0.09375 0.1859375 0.0390625 0.06015625
2 0.4078125 0.190625 0.04296875 0.06484375
2 0.39140625 0.55625 0.04765625 0.134375
2 0.15390625 0.18203125 0.0484375 0.0484375
2 0.3234375 0.13515625 0.01171875 0.03515625
2 0.703125 0.16328125 0.02890625 0.04921875
2 0.1 0.15390625 0.03359375 0.046875
2 0.35234375 0.203125 0.03984375 0.04375
2 0.5890625 0.19609375 0.04140625 0.04609375
2 0.15 0.79375 0.06640625 0.190625
2 0.2703125 0.69375 0.0453125 0.1546875