1 0.48984375 0.3734375 0.06328125 0.1109375
1 0.484375 0.603125 0.11328125 0.23515625
1 0.1953125 0.2015625 0.06640625 0.0796875
1 0.60390625 0.1265625 0.015625 0.0234375
1 0.55078125 0.17578125 0.03671875 0.05859375
3 0.72578125 0.10625 0.0375 0.05859375
3 0.646875 0.0984375 0.07421875 0.05
3 0.91640625 0.42890625 0.03046875 0.12890625
3 0.8296875 0.1359375 0.00859375 0.0234375
3 0.92109375 0.32265625 0.02578125 0.04375
3 0.5859375 0.00546875 0.02421875 0.01015625
3 0.4859375 0.11171875 0.0765625 0.0484375
2 0.05234375 0.52421875 0.07421875 0.09609375
2 0.77265625 0.3484375 0.03046875 0.04453125
2 0.32421875 0.16015625 0.02578125 0.040625
2 0.521875 0.15625 0.00859375 0.021875
2 0.39765625 0.18828125 0.01796875 0.0390625
2 0.39140625 0.30546875 0.01796875 0.06171875
2 0.22890625 0.17109375 0.015625 0.03125
2 0.471875 0.14921875 0.0109375 0.021875
2 0.80546875 0.19140625 0.02421875 0.040625
4 0.09765625 0.22109375 0.1484375 0.20078125
4 0.7203125 0.58125 0.26796875 0.62578125