1 0.4796875 0.9265625 0.1875 0.1453125
1 0.30234375 0.14140625 0.053125 0.059375
1 0.6515625 0.17734375 0.09609375 0.065625
1 0.3796875 0.20078125 0.1125 0.07421875
3 0.91796875 0.34140625 0.03515625 0.2
3 0.646875 0.04140625 0.0765625 0.05078125
3 0.9109375 0.47578125 0.02578125 0.04375
3 0.921875 0.26640625 0.02734375 0.046875
2 0.20390625 0.3671875 0.03515625 0.084375
2 0.5234375 0.75390625 0.0578125 0.14921875
2 0.4671875 0.23828125 0.05078125 0.05859375
2 0.37109375 0.22421875 0.04140625 0.0546875
2 0.6609375 0.24609375 0.05546875 0.05390625
2 0.25625 0.21796875 0.04609375 0.05859375
2 0.71640625 0.23046875 0.04921875 0.0609375
2 0.51640625 0.23125 0.04609375 0.05546875
2 0.328125 0.215625 0.04140625 0.04921875
2 0.18203125 0.19296875 0.0375 0.05078125
2 0.840625 0.2625 0.05546875 0.05859375
2 0.58203125 0.73515625 0.05 0.14609375
2 0.78671875 0.22265625 0.04765625 0.05625
2 0.13359375 0.86640625 0.0671875 0.2140625
2 0.04375 0.903125 0.065625 0.19296875
2 0.4140625 0.071875 0.01640625 0.0296875
2 0.615625 0.13359375 0.01796875 0.04296875
2 0.61953125 0.09296875 0.01015625 0.028125
2 0.8828125 0.240625 0.01171875 0.04296875
2 0.2 0.8 0.0625 0.14453125
2 0.59375 0.90703125 0.0578125 0.18203125
2 0.28125 0.17578125 0.0453125 0.05625
2 0.62109375 0.2234375 0.040625 0.046875
2 0.74296875 0.16484375 0.034375 0.03671875
2 0.6375 0.1921875 0.0296875 0.04375
2 0.459375 0.1625 0.02109375 0.03984375
2 0.68125 0.146875 0.02109375 0.03125
2 0.0171875 0.7859375 0.034375 0.190625
2 0.27109375 0.73125 0.05234375 0.17890625
4 0.38515625 0.14140625 0.11640625 0.1015625
4 0.53125 0.1734375 0.12578125 0.11328125