1 0.4765625 0.75703125 0.13984375 0.30546875
1 0.10390625 0.13828125 0.0859375 0.06015625
1 0.16328125 0.13125 0.08984375 0.0640625
3 0.64453125 0.03671875 0.07578125 0.04921875
3 0.91328125 0.37109375 0.03125 0.1296875
3 0.725 0.04453125 0.03671875 0.05625
3 0.53984375 0.06015625 0.034375 0.05390625
3 0.91953125 0.26171875 0.03125 0.04609375
0 0.74140625 0.646875 0.35 0.703125
2 0.175 0.79453125 0.0734375 0.18984375
2 0.27578125 0.55546875 0.04609375 0.1359375
2 0.47421875 0.43046875 0.05859375 0.1
2 0.34453125 0.54921875 0.0359375 0.096875
2 0.03828125 0.85859375 0.05859375 0.20546875
2 0.07109375 0.17421875 0.03359375 0.04609375
2 0.7484375 0.2234375 0.04921875 0.0546875
2 0.3421875 0.74609375 0.05546875 0.2
2 0.265625 0.08359375 0.02109375 0.025
2 0.53125 0.21328125 0.04609375 0.053125
2 0.328125 0.2234375 0.04296875 0.0546875
2 0.8015625 0.23984375 0.05234375 0.05546875
2 0.7015625 0.2078125 0.05 0.053125
2 0.471875 0.2265625 0.04453125 0.053125
2 0.8515625 0.196875 0.0453125 0.05
2 0.5953125 0.2703125 0.05078125 0.059375
2 0.78515625 0.16953125 0.03828125 0.040625
2 0.1296875 0.1765625 0.0359375 0.05625
2 0.58671875 0.2078125 0.04140625 0.04921875
2 0.2671875 0.4390625 0.0546875 0.09921875
2 0.0203125 0.15078125 0.03984375 0.05859375
2 0.459375 0.11875 0.01328125 0.03359375
2 0.390625 0.54375 0.05078125 0.13359375
2 0.8265625 0.1828125 0.03359375 0.03984375
2 0.25078125 0.20390625 0.03828125 0.0515625
2 0.48203125 0.13046875 0.01640625 0.03203125
2 0.48046875 0.1703125 0.0375 0.04453125
2 0.4109375 0.11796875 0.01484375 0.03515625
2 0.20078125 0.18828125 0.04609375 0.053125
2 0.4265625 0.209375 0.04453125 0.0546875
2 0.884375 0.18515625 0.0078125 0.03671875
2 0.72890625 0.171875 0.0359375 0.0359375
2 0.40390625 0.1765625 0.03359375 0.04375
2 0.7859375 0.11875 0.02890625 0.03359375