1 0.471875 0.82890625 0.1578125 0.33984375
1 0.01796875 0.0859375 0.0359375 0.03984375
3 0.65078125 0.034375 0.07578125 0.0484375
3 0.92265625 0.3640625 0.03125 0.13046875
3 0.92734375 0.2546875 0.028125 0.0484375
3 0.54609375 0.059375 0.034375 0.0515625
3 0.73046875 0.040625 0.03828125 0.0609375
2 0.3390625 0.28828125 0.03984375 0.06640625
2 0.19453125 0.309375 0.04765625 0.06953125
2 0.37734375 0.390625 0.0546875 0.0859375
2 0.50234375 0.5484375 0.03984375 0.10625
2 0.44375 0.546875 0.03359375 0.07890625
2 0.34609375 0.92890625 0.07109375 0.140625
2 0.53671875 0.159375 0.03359375 0.046875
2 0.71171875 0.1453125 0.03359375 0.0484375
2 0.5453125 0.56171875 0.03671875 0.10546875
2 0.4125 0.22109375 0.0328125 0.05390625
2 0.5453125 0.10234375 0.02734375 0.03203125
2 0.2140625 0.103125 0.02578125 0.04375
2 0.0265625 0.409375 0.04921875 0.09296875
2 0.09375 0.49765625 0.03046875 0.075
2 0.5046875 0.14609375 0.02890625 0.04296875
2 0.64765625 0.1609375 0.0296875 0.0453125
2 0.06171875 0.440625 0.04375 0.0984375
2 0.26875 0.821875 0.053125 0.159375
2 0.60703125 0.14140625 0.03046875 0.03984375
2 0.5671875 0.16796875 0.0296875 0.0515625
2 0.47734375 0.10859375 0.01328125 0.03359375
2 0.625 0.14453125 0.02890625 0.05078125
2 0.24453125 0.696875 0.06953125 0.14296875
2 0.08671875 0.10078125 0.02265625 0.03046875
2 0.46171875 0.4765625 0.02265625 0.0796875
2 0.184375 0.56328125 0.04140625 0.090625
2 0.678125 0.10234375 0.0234375 0.03203125
2 0.16171875 0.5296875 0.02421875 0.0890625
2 0.58125 0.740625 0.046875 0.10390625
2 0.4984375 0.46484375 0.03671875 0.1
2 0.25546875 0.38125 0.05390625 0.065625
2 0.246875 0.096875 0.02578125 0.04453125
2 0.14765625 0.70546875 0.08828125 0.1359375
2 0.16953125 0.10546875 0.02890625 0.034375
2 0.70625 0.1109375 0.03203125 0.034375
2 0.43984375 0.25546875 0.0421875 0.06015625
4 0.72578125 0.58359375 0.2703125 0.53046875
4 0.36015625 0.1515625 0.22265625 0.17109375