1 0.4796875 0.9265625 0.1875 0.1453125
1 0.35234375 0.1984375 0.1234375 0.075
1 0.290625 0.140625 0.0515625 0.05625
1 0.640625 0.1765625 0.09296875 0.06484375
3 0.646875 0.04140625 0.07734375 0.05
3 0.7265625 0.05078125 0.03828125 0.059375
3 0.9171875 0.34140625 0.03359375 0.1984375
3 0.4859375 0.05546875 0.078125 0.053125
2 0.52421875 0.7546875 0.05859375 0.1484375
2 0.4421875 0.23515625 0.04609375 0.059375
2 0.49453125 0.23046875 0.04375 0.053125
2 0.634375 0.2453125 0.05234375 0.05390625
2 0.19609375 0.36171875 0.034375 0.08203125
2 0.80859375 0.25625 0.05390625 0.06484375
2 0.23515625 0.21328125 0.04765625 0.0640625
2 0.6890625 0.23359375 0.0484375 0.05390625
2 0.759375 0.2234375 0.04375 0.04921875
2 0.34375 0.22265625 0.04765625 0.05625
2 0.16875 0.19140625 0.0375 0.053125
2 0.63203125 0.13046875 0.01953125 0.02578125
2 0.59375 0.221875 0.03671875 0.04609375
2 0.13359375 0.86640625 0.06640625 0.21328125
2 0.61953125 0.09609375 0.01015625 0.028125
2 0.446875 0.159375 0.01328125 0.04609375
2 0.0375 0.915625 0.06171875 0.16640625
2 0.584375 0.73828125 0.05546875 0.15
2 0.66171875 0.08125 0.01171875 0.028125
2 0.41328125 0.0734375 0.01640625 0.0296875
2 0.8703125 0.2390625 0.0359375 0.04296875
2 0.2 0.8 0.06328125 0.14453125
2 0.01796875 0.78046875 0.03515625 0.13046875
2 0.7296875 0.16640625 0.02578125 0.03203125
2 0.59375 0.91015625 0.0578125 0.17578125
2 0.27109375 0.73125 0.05234375 0.17890625
2 0.95859375 0.259375 0.05703125 0.08984375
2 0.1921875 0.709375 0.06328125 0.1390625
2 0.6125 0.1890625 0.03671875 0.040625
2 0.3078125 0.21171875 0.0359375 0.05078125