1 0.21328125 0.18125 0.0875 0.05625
1 0.53984375 0.59453125 0.1125 0.23515625
1 0.5453125 0.20859375 0.08359375 0.06484375
1 0.5015625 0.8984375 0.1734375 0.2015625
1 0.775 0.8140625 0.2203125 0.3703125
1 0.6375 0.17421875 0.07421875 0.05859375
2 0.784375 0.2203125 0.0421875 0.05
2 0.63125 0.121875 0.01796875 0.028125
2 0.73046875 0.20234375 0.04296875 0.04375
2 0.16328125 0.228125 0.03203125 0.04453125
2 0.525 0.25703125 0.0421875 0.053125
2 0.6515625 0.246875 0.06015625 0.05546875
2 0.69453125 0.18203125 0.025 0.040625
2 0.27109375 0.13125 0.01953125 0.025
2 0.5953125 0.5015625 0.03671875 0.115625
2 0.80546875 0.203125 0.034375 0.03984375
2 0.10703125 0.22109375 0.03359375 0.046875
2 0.08046875 0.20859375 0.02890625 0.04609375
2 0.32734375 0.2359375 0.0375 0.04921875
2 0.49765625 0.14609375 0.015625 0.034375
2 0.8453125 0.22890625 0.0421875 0.04921875
2 0.7546875 0.1234375 0.0203125 0.025
2 0.6765625 0.21484375 0.03046875 0.04453125
2 0.2265625 0.1234375 0.02265625 0.0234375
2 0.7859375 0.11328125 0.0203125 0.02109375
2 0.40625 0.2609375 0.04296875 0.05
2 0.88203125 0.2390625 0.04140625 0.04609375