1 0.32890625 0.18203125 0.09296875 0.071875
1 0.4796875 0.9390625 0.1875 0.1203125
1 0.51171875 0.1890625 0.08828125 0.06015625
3 0.646875 0.065625 0.0765625 0.0515625
3 0.72734375 0.07421875 0.0375 0.05859375
3 0.9171875 0.4 0.03203125 0.1296875
3 0.54296875 0.090625 0.03515625 0.0546875
3 0.921875 0.2890625 0.02890625 0.046875
0 0.190625 0.190625 0.19609375 0.14296875
2 0.0796875 0.1953125 0.0359375 0.059375
2 0.6265625 0.24140625 0.0453125 0.0546875
2 0.43046875 0.24296875 0.04453125 0.05859375
2 0.50390625 0.23203125 0.04453125 0.0546875
2 0.72109375 0.278125 0.053125 0.05625
2 0.3796875 0.22109375 0.03984375 0.053125
2 0.5640625 0.23125 0.04375 0.0515625
2 0.2703125 0.7546875 0.05390625 0.1796875
2 0.44296875 0.14609375 0.01328125 0.03671875
2 0.85859375 0.26171875 0.05546875 0.0640625
2 0.7359375 0.9140625 0.0640625 0.16953125
2 0.771875 0.26640625 0.053125 0.05390625
2 0.7109375 0.20546875 0.03671875 0.0453125
2 0.484375 0.14375 0.0125 0.03359375
2 0.8109375 0.40078125 0.0375 0.0703125
2 0.42734375 0.18125 0.03359375 0.04140625
2 0.1921875 0.74375 0.06328125 0.159375
2 0.66171875 0.10859375 0.01171875 0.0234375
2 0.6578125 0.178125 0.0234375 0.03046875
2 0.38515625 0.184375 0.02265625 0.0359375
2 0.8171875 0.23359375 0.03828125 0.0453125
2 0.4671875 0.128125 0.00859375 0.028125
2 0.0203125 0.1890625 0.03203125 0.0453125
2 0.5140625 0.1453125 0.0140625 0.028125
2 0.22109375 0.92421875 0.06875 0.14921875