1 0.4765625 0.7578125 0.13984375 0.30625
1 0.09765625 0.13828125 0.08359375 0.06015625
1 0.15703125 0.13125 0.08671875 0.06328125
3 0.64453125 0.03828125 0.07578125 0.04921875
3 0.53984375 0.0609375 0.034375 0.0546875
3 0.9140625 0.371875 0.03203125 0.1296875
3 0.725 0.04609375 0.03671875 0.05546875
3 0.91875 0.26328125 0.028125 0.046875
3 0.4828125 0.053125 0.07578125 0.04921875
0 0.74140625 0.646875 0.35 0.7015625
2 0.17265625 0.8 0.07421875 0.19296875
2 0.4625 0.4359375 0.05703125 0.0984375
2 0.3421875 0.74765625 0.05546875 0.19921875
2 0.03359375 0.8765625 0.06015625 0.21171875
2 0.06484375 0.171875 0.03359375 0.05
2 0.33984375 0.55078125 0.0375 0.11328125
2 0.521875 0.2125 0.04609375 0.0546875
2 0.734375 0.2234375 0.04921875 0.05546875
2 0.41015625 0.1171875 0.01484375 0.0359375
2 0.27109375 0.084375 0.02109375 0.02421875
2 0.246875 0.203125 0.03828125 0.053125
2 0.12265625 0.17578125 0.0359375 0.059375
2 0.2578125 0.44609375 0.0546875 0.1
2 0.8390625 0.196875 0.04453125 0.0484375
2 0.01796875 0.15234375 0.03515625 0.05625
2 0.5875 0.26875 0.05078125 0.06015625
2 0.4625 0.2265625 0.04375 0.053125
2 0.3171875 0.22265625 0.04296875 0.05625
2 0.39140625 0.54453125 0.04921875 0.13515625
2 0.2734375 0.5609375 0.04609375 0.13515625
2 0.4578125 0.11953125 0.0125 0.03046875
2 0.78515625 0.11875 0.0296875 0.03203125
2 0.690625 0.20859375 0.04765625 0.0515625
2 0.30859375 0.12109375 0.01875 0.04296875
2 0.578125 0.209375 0.04140625 0.04609375
2 0.3953125 0.17578125 0.03359375 0.04453125
2 0.7859375 0.2390625 0.0515625 0.05703125
2 0.87265625 0.2375 0.02890625 0.084375
2 0.47734375 0.1265625 0.01875 0.03828125
2 0.77421875 0.16875 0.04140625 0.0453125
2 0.4359375 0.1109375 0.00859375 0.03359375
2 0.87890625 0.1828125 0.01875 0.03984375
2 0.41875 0.209375 0.04453125 0.05546875
2 0.1359375 0.165625 0.0234375 0.0453125
2 0.721875 0.17421875 0.03671875 0.040625
2 0.4703125 0.17109375 0.0359375 0.04375
2 0.815625 0.18125 0.0328125 0.04296875
2 0.19296875 0.18828125 0.04453125 0.053125
2 0.98828125 0.17578125 0.02265625 0.059375