1 0.30625 0.09375 0.06640625 0.04921875
1 0.47109375 0.8296875 0.16015625 0.3390625
1 0.61953125 0.10390625 0.065625 0.046875
1 0.88046875 0.9359375 0.23828125 0.12578125
3 0.65078125 0.03515625 0.07578125 0.0484375
3 0.73046875 0.040625 0.03828125 0.059375
3 0.54609375 0.06015625 0.03515625 0.05546875
3 0.92734375 0.25546875 0.028125 0.04921875
3 0.9234375 0.365625 0.03125 0.13046875
2 0.37734375 0.39140625 0.05390625 0.0859375
2 0.3046875 0.303125 0.04609375 0.06953125
2 0.503125 0.54921875 0.0390625 0.10625
2 0.34609375 0.9265625 0.07109375 0.14453125
2 0.40703125 0.265625 0.04296875 0.06328125
2 0.21328125 0.1 0.025 0.040625
2 0.51484375 0.1640625 0.034375 0.04921875
2 0.44609375 0.54375 0.03828125 0.0859375
2 0.0953125 0.5015625 0.03046875 0.06796875
2 0.5453125 0.5625 0.03671875 0.10625
2 0.54765625 0.17421875 0.02890625 0.0515625
2 0.1734375 0.1015625 0.02578125 0.04296875
2 0.48671875 0.1515625 0.0265625 0.04453125
2 0.1734375 0.3203125 0.0484375 0.071875
2 0.05546875 0.40625 0.0625 0.084375
2 0.16171875 0.52265625 0.025 0.075
2 0.134375 0.10078125 0.0328125 0.04296875
2 0.690625 0.1515625 0.0328125 0.04609375
2 0.05703125 0.0984375 0.021875 0.034375
2 0.63984375 0.12578125 0.03203125 0.04140625
2 0.62890625 0.165625 0.03125 0.046875
2 0.18671875 0.56328125 0.04453125 0.09375
2 0.46328125 0.11015625 0.01875 0.03515625
2 0.24453125 0.7015625 0.0703125 0.13515625
2 0.4984375 0.465625 0.03671875 0.09921875
2 0.2671875 0.8359375 0.04765625 0.134375
2 0.68203125 0.11015625 0.034375 0.03671875
2 0.584375 0.14453125 0.02734375 0.040625
2 0.16015625 0.68984375 0.08515625 0.12421875
2 0.60078125 0.1546875 0.03125 0.04296875
2 0.5140625 0.10546875 0.028125 0.03046875
2 0.58203125 0.74140625 0.046875 0.1
2 0.25546875 0.384375 0.05390625 0.06875
2 0.65078125 0.10390625 0.01875 0.03046875
2 0.246875 0.95078125 0.06953125 0.09609375
2 0.54375 0.45390625 0.02421875 0.05625
2 0.30078125 0.68203125 0.06171875 0.1234375
2 0.384375 0.23359375 0.03515625 0.0546875
4 0.72578125 0.58515625 0.27109375 0.53125
4 0.340625 0.1578125 0.22890625 0.1765625