1 0.2015625 0.19375 0.0703125 0.05859375
1 0.834375 0.24609375 0.11015625 0.075
1 0.7875 0.26796875 0.12109375 0.08828125
1 0.5640625 0.21328125 0.10078125 0.08046875
1 0.50078125 0.86015625 0.14609375 0.278125
1 0.49453125 0.23125 0.08828125 0.0703125
1 0.63515625 0.18046875 0.03984375 0.05703125
1 0.3015625 0.2140625 0.09296875 0.07421875
1 0.03515625 0.23984375 0.06484375 0.078125
1 0.10625 0.8265625 0.20390625 0.34453125
1 0.56875 0.15859375 0.05703125 0.06015625
1 0.728125 0.8328125 0.16875 0.26015625
0 0.0859375 0.171875 0.171875 0.12109375
0 0.7453125 0.171875 0.18828125 0.1234375
2 0.40078125 0.25390625 0.04453125 0.06171875
2 0.26640625 0.5484375 0.05703125 0.10078125
2 0.66796875 0.546875 0.04765625 0.11875
2 0.5734375 0.540625 0.034375 0.11484375
2 0.33203125 0.49140625 0.0375 0.103125
2 0.55234375 0.265625 0.04296875 0.05390625
2 0.49140625 0.2546875 0.03984375 0.0484375
2 0.31796875 0.7578125 0.05703125 0.16171875
2 0.73671875 0.290625 0.053125 0.0609375
2 0.5015625 0.5296875 0.0421875 0.121875
2 0.51171875 0.15859375 0.01953125 0.03359375
2 0.31171875 0.23359375 0.03671875 0.04453125
2 0.2421875 0.9125 0.06484375 0.17109375
2 0.33828125 0.86875 0.0609375 0.18203125
2 0.6703125 0.21953125 0.03671875 0.0390625
2 0.9859375 0.32109375 0.02734375 0.05390625
2 0.3578125 0.21328125 0.0296875 0.040625