1 0.5625 0.19140625 0.04453125 0.06640625
1 0.48984375 0.85234375 0.14921875 0.29375
1 0.50859375 0.38359375 0.0703125 0.125
1 0.3296875 0.1109375 0.0640625 0.04453125
1 0.6015625 0.1546875 0.03046875 0.0484375
0 0.71328125 0.44140625 0.153125 0.4515625
2 0.403125 0.2734375 0.01796875 0.03984375
2 0.484375 0.28203125 0.0140625 0.04296875
2 0.57109375 0.51328125 0.02890625 0.08359375
2 0.3421875 0.14765625 0.0265625 0.02890625
2 0.44609375 0.290625 0.01953125 0.04921875
2 0.50625 0.22109375 0.01328125 0.03671875
2 0.25625 0.14296875 0.02265625 0.0234375
2 0.17734375 0.3890625 0.0484375 0.0734375
2 0.37734375 0.2125 0.015625 0.034375
2 0.21640625 0.2015625 0.034375 0.04453125
2 0.0828125 0.125 0.01953125 0.03515625
2 0.7890625 0.9 0.06953125 0.16640625
2 0.15859375 0.1265625 0.01953125 0.02421875
2 0.121875 0.45859375 0.04765625 0.16953125
2 0.47421875 0.13125 0.01171875 0.0265625
2 0.128125 0.13203125 0.02421875 0.028125
2 0.796875 0.190625 0.02734375 0.03515625
2 0.4921875 0.196875 0.01328125 0.03203125
2 0.04453125 0.48203125 0.08046875 0.125
2 0.19453125 0.134375 0.01953125 0.0234375
2 0.01484375 0.18046875 0.02890625 0.0453125
4 0.12734375 0.2609375 0.0859375 0.1390625