1 0.1984375 0.19375 0.06953125 0.05859375
1 0.778125 0.26875 0.12421875 0.08671875
1 0.559375 0.21484375 0.10078125 0.08125
1 0.828125 0.24609375 0.109375 0.075
1 0.50078125 0.8609375 0.14609375 0.2765625
1 0.4890625 0.23203125 0.0890625 0.07109375
1 0.2984375 0.21328125 0.0921875 0.07109375
1 0.26875 0.17109375 0.09609375 0.06171875
1 0.10703125 0.82578125 0.203125 0.34296875
1 0.034375 0.23984375 0.0640625 0.078125
1 0.6328125 0.18125 0.03828125 0.059375
1 0.56796875 0.16015625 0.05625 0.06328125
1 0.728125 0.8328125 0.16953125 0.26171875
0 0.74140625 0.17109375 0.184375 0.121875
0 0.084375 0.171875 0.16796875 0.12109375
2 0.26640625 0.54921875 0.05703125 0.1
2 0.39375 0.25390625 0.0421875 0.0609375
2 0.5734375 0.540625 0.034375 0.11640625
2 0.33203125 0.49375 0.03828125 0.09921875
2 0.54453125 0.26640625 0.04453125 0.0515625
2 0.66875 0.5484375 0.04921875 0.11640625
2 0.72578125 0.290625 0.05234375 0.06171875
2 0.31796875 0.74765625 0.05703125 0.184375
2 0.48515625 0.2546875 0.0390625 0.04609375
2 0.30625 0.23359375 0.0375 0.04609375
2 0.509375 0.1578125 0.01953125 0.034375
2 0.24296875 0.91171875 0.06640625 0.1734375
2 0.5015625 0.52890625 0.0421875 0.1234375
2 0.3375 0.8671875 0.05859375 0.18046875
2 0.4609375 0.14609375 0.02734375 0.03203125
2 0.38515625 0.753125 0.05625 0.190625
2 0.66796875 0.21953125 0.0359375 0.03828125