1 0.1546875 0.37578125 0.12109375 0.11171875
1 0.12890625 0.17265625 0.065625 0.046875
1 0.7578125 0.221875 0.0859375 0.05546875
1 0.4859375 0.96796875 0.15546875 0.06171875
1 0.9890625 0.20859375 0.02109375 0.05
1 0.40625 0.18984375 0.03359375 0.04609375
1 0.590625 0.19140625 0.1078125 0.06328125
3 0.734375 0.13125 0.03671875 0.05703125
3 0.65546875 0.12421875 0.07421875 0.05
3 0.9265625 0.45546875 0.03046875 0.12890625
3 0.59453125 0.028125 0.02421875 0.01328125
3 0.921875 0.55625 0.02421875 0.04140625
3 0.5515625 0.1453125 0.034375 0.0515625
3 0.16328125 0.03671875 0.00703125 0.0140625
3 0.93046875 0.3453125 0.02734375 0.04609375
3 0.5859375 0.028125 0.00703125 0.01171875
2 0.40859375 0.4609375 0.02890625 0.08125
2 0.27734375 0.8078125 0.053125 0.18046875
2 0.72734375 0.39765625 0.05859375 0.06171875
2 0.4875 0.534375 0.04140625 0.0890625
2 0.3828125 0.56171875 0.03359375 0.09921875
2 0.528125 0.815625 0.06484375 0.18984375
2 0.70546875 0.84609375 0.06640625 0.19296875
2 0.1921875 0.171875 0.02265625 0.0296875
2 0.471875 0.18046875 0.02421875 0.040625
2 0.24296875 0.184375 0.02578125 0.04296875
2 0.5890625 0.81640625 0.0484375 0.153125
2 0.11875 0.83125 0.07265625 0.14921875
2 0.796875 0.24375 0.0234375 0.03984375
2 0.71015625 0.7 0.05078125 0.10703125
2 0.5265625 0.54921875 0.0375 0.0890625
2 0.13828125 0.91640625 0.06484375 0.165625
2 0.19921875 0.78671875 0.06328125 0.14296875
2 0.20546875 0.87890625 0.0640625 0.1484375
2 0.659375 0.92578125 0.07890625 0.146875
2 0.34375 0.92109375 0.05078125 0.15546875
2 0.878125 0.42421875 0.02734375 0.07421875