1 0.2015625 0.18203125 0.08359375 0.05859375
1 0.5390625 0.59375 0.11171875 0.234375
1 0.525 0.20625 0.0828125 0.06171875
1 0.5015625 0.8984375 0.1734375 0.20078125
1 0.628125 0.171875 0.0765625 0.059375
1 0.53125 0.13359375 0.0359375 0.04375
1 0.45859375 0.115625 0.02890625 0.0484375
2 0.71015625 0.19921875 0.04765625 0.05
2 0.62265625 0.24375 0.05625 0.05625
2 0.1484375 0.21796875 0.03359375 0.059375
2 0.75703125 0.21875 0.04140625 0.046875
2 0.27890625 0.13125 0.02109375 0.0265625
2 0.5953125 0.50078125 0.03671875 0.1140625
2 0.4234375 0.23359375 0.03359375 0.05546875
2 0.37578125 0.2515625 0.0484375 0.06484375
2 0.81171875 0.228125 0.05078125 0.05546875
2 0.68359375 0.1765625 0.02265625 0.03828125
2 0.6359375 0.1234375 0.01796875 0.028125
2 0.23125 0.228125 0.04140625 0.046875
2 0.8484375 0.23828125 0.0421875 0.0484375
2 0.3390625 0.14296875 0.03515625 0.03984375
2 0.559375 0.16953125 0.02265625 0.04375
2 0.1875 0.21015625 0.0203125 0.0484375
2 0.2453125 0.11796875 0.0234375 0.03515625
2 0.4984375 0.25703125 0.04140625 0.04609375
2 0.09453125 0.21875 0.03203125 0.0484375
2 0.784375 0.1984375 0.03203125 0.0359375
2 0.75390625 0.1234375 0.01953125 0.025
2 0.30625 0.234375 0.03984375 0.0515625