1 0.55859375 0.20390625 0.04609375 0.06953125
1 0.4890625 0.8796875 0.1609375 0.2390625
1 0.5046875 0.43046875 0.0765625 0.13828125
1 0.35 0.10703125 0.04609375 0.04375
1 0.6015625 0.16171875 0.03046875 0.0515625
0 0.72890625 0.49453125 0.17578125 0.51953125
2 0.37578125 0.30546875 0.01953125 0.04609375
2 0.4953125 0.24609375 0.01484375 0.040625
2 0.3875 0.23359375 0.0171875 0.03515625
2 0.46640625 0.328125 0.01640625 0.046875
2 0.54453125 0.553125 0.04140625 0.1234375
2 0.13671875 0.1328125 0.02109375 0.0265625
2 0.171875 0.13828125 0.01953125 0.0265625
2 0.29921875 0.14375 0.02421875 0.025
2 0.17734375 0.39296875 0.04921875 0.06953125
2 0.240625 0.1390625 0.0234375 0.0265625
2 0.4203125 0.33359375 0.0203125 0.05625
2 0.47734375 0.2125 0.0140625 0.03828125
2 0.796875 0.190625 0.02734375 0.0359375
2 0.04375 0.50234375 0.08046875 0.08203125
2 0.43984375 0.10078125 0.009375 0.021875
2 0.12578125 0.459375 0.046875 0.17421875
2 0.521875 0.18203125 0.01015625 0.0296875
2 0.19609375 0.190625 0.034375 0.05703125
2 0.47421875 0.12734375 0.0109375 0.03046875
2 0.209375 0.12734375 0.01953125 0.025
2 0.5046875 0.20078125 0.0140625 0.03125
2 0.428125 0.28671875 0.01796875 0.0390625