1 0.240625 0.190625 0.04921875 0.05
1 0.48203125 0.4515625 0.0796875 0.12890625
1 0.05 0.32265625 0.1 0.1265625
1 0.53671875 0.19140625 0.0328125 0.05
1 0.58125 0.203125 0.04453125 0.07109375
3 0.9171875 0.440625 0.0296875 0.12890625
3 0.646875 0.1078125 0.07578125 0.05859375
3 0.5859375 0.01328125 0.02578125 0.015625
3 0.9171875 0.43359375 0.0359375 0.25703125
0 0.71796875 0.4234375 0.14375 0.27109375
2 0.21328125 0.18671875 0.01484375 0.03984375
2 0.2875 0.1859375 0.01328125 0.03515625
2 0.51953125 0.2515625 0.01328125 0.03203125
2 0.49921875 0.1859375 0.01015625 0.03046875
2 0.76171875 0.17265625 0.0234375 0.034375
2 0.6046875 0.30859375 0.0203125 0.0640625
2 0.56875 0.29296875 0.02109375 0.06484375
2 0.68984375 0.16171875 0.0171875 0.03046875
2 0.40859375 0.20859375 0.015625 0.034375
2 0.80546875 0.20078125 0.02265625 0.0453125
2 0.45234375 0.34765625 0.01484375 0.0546875