1 0.25 0.18984375 0.05 0.0484375
1 0.47734375 0.50390625 0.08515625 0.14609375
1 0.06015625 0.31328125 0.1078125 0.121875
1 0.5328125 0.20078125 0.0328125 0.05078125
1 0.57578125 0.215625 0.046875 0.0734375
3 0.646875 0.11171875 0.07734375 0.05546875
3 0.91796875 0.44296875 0.03125 0.1296875
3 0.57734375 0.01640625 0.00859375 0.015625
0 0.7046875 0.45234375 0.13359375 0.29140625
2 0.29765625 0.1828125 0.0125 0.034375
2 0.5078125 0.26875 0.0140625 0.04140625
2 0.4125 0.209375 0.01484375 0.03359375
2 0.5890625 0.14296875 0.01015625 0.0234375
2 0.80546875 0.2046875 0.02265625 0.04296875
2 0.228125 0.18671875 0.01328125 0.0359375
2 0.7046875 0.16953125 0.01796875 0.0265625
2 0.44140625 0.37109375 0.01640625 0.06484375
2 0.78046875 0.18046875 0.025 0.03046875
2 0.7515625 0.76328125 0.04609375 0.14609375
2 0.4046875 0.12421875 0.00859375 0.02109375
2 0.60078125 0.328125 0.02109375 0.06875
2 0.49140625 0.1984375 0.0109375 0.028125
2 0.3984375 0.1984375 0.01796875 0.040625
2 0.565625 0.3109375 0.02265625 0.06875