1 0.4796875 0.9390625 0.18828125 0.1203125
1 0.32734375 0.18203125 0.09609375 0.0703125
1 0.50703125 0.1890625 0.08671875 0.0609375
1 0.73046875 0.1875 0.08671875 0.0734375
3 0.72734375 0.07421875 0.0375 0.06015625
3 0.646875 0.065625 0.0765625 0.0515625
3 0.54296875 0.090625 0.03515625 0.0546875
3 0.9171875 0.39921875 0.03203125 0.1296875
3 0.921875 0.2890625 0.028125 0.046875
0 0.18125 0.1890625 0.19765625 0.14140625
2 0.7375 0.9234375 0.06484375 0.15078125
2 0.421875 0.24296875 0.04296875 0.05546875
2 0.61796875 0.240625 0.04453125 0.0546875
2 0.49375 0.23203125 0.04296875 0.05390625
2 0.71015625 0.27734375 0.05234375 0.0546875
2 0.371875 0.221875 0.03984375 0.046875
2 0.071875 0.19609375 0.03359375 0.05546875
2 0.70546875 0.2046875 0.0359375 0.04453125
2 0.55703125 0.23046875 0.04609375 0.0515625
2 0.846875 0.25859375 0.0546875 0.06875
2 0.2703125 0.7546875 0.053125 0.1796875
2 0.4234375 0.17890625 0.03359375 0.04375
2 0.4421875 0.1453125 0.01328125 0.03671875
2 0.76171875 0.265625 0.05234375 0.0546875
2 0.4828125 0.1421875 0.01171875 0.034375
2 0.1921875 0.74609375 0.06328125 0.16484375
2 0.39765625 0.159375 0.01796875 0.03359375
2 0.8046875 0.159375 0.02265625 0.04140625
2 0.66171875 0.10859375 0.01171875 0.021875
2 0.97421875 0.271875 0.05078125 0.05859375
2 0.540625 0.16328125 0.01953125 0.028125
2 0.6515625 0.178125 0.02578125 0.03125
2 0.01484375 0.1890625 0.0296875 0.04375
2 0.38203125 0.18359375 0.021875 0.03671875
2 0.809375 0.2328125 0.03515625 0.046875
2 0.22109375 0.92421875 0.06875 0.14921875