1 0.4796875 0.93828125 0.1875 0.12109375
1 0.3203125 0.18125 0.0921875 0.0703125
1 0.72265625 0.18515625 0.08203125 0.0703125
1 0.5 0.18828125 0.08203125 0.059375
1 0.58125 0.14375 0.07109375 0.04921875
3 0.72734375 0.07421875 0.0375 0.06015625
3 0.9171875 0.3984375 0.03203125 0.13046875
3 0.54375 0.0890625 0.03515625 0.053125
3 0.646875 0.065625 0.0765625 0.053125
0 0.1671875 0.18671875 0.19609375 0.14296875
2 0.60390625 0.23828125 0.04453125 0.0546875
2 0.69296875 0.2765625 0.05234375 0.0546875
2 0.54453125 0.23046875 0.04296875 0.05078125
2 0.0609375 0.19375 0.03203125 0.05859375
2 0.7921875 0.421875 0.0265625 0.05546875
2 0.8296875 0.25859375 0.0546875 0.06171875
2 0.44140625 0.14453125 0.01328125 0.03671875
2 0.40859375 0.240625 0.04296875 0.05546875
2 0.3609375 0.22109375 0.03984375 0.046875
2 0.74375 0.26328125 0.04921875 0.05390625
2 0.41796875 0.18046875 0.034375 0.04140625
2 0.48046875 0.14140625 0.0125 0.03359375
2 0.69765625 0.203125 0.03515625 0.04375
2 0.2703125 0.75390625 0.05390625 0.1796875
2 0.4796875 0.23125 0.0421875 0.0515625
2 0.1921875 0.74140625 0.06328125 0.15625
2 0.37421875 0.1796875 0.028125 0.04453125
2 0.73984375 0.93671875 0.06640625 0.125
2 0.79765625 0.23359375 0.03671875 0.04375
2 0.8046875 0.16015625 0.021875 0.040625
2 0.39609375 0.15859375 0.015625 0.03359375
2 0.053125 0.96796875 0.06015625 0.06171875
2 0.22109375 0.92421875 0.06875 0.14921875
2 0.77265625 0.209375 0.03671875 0.03984375
2 0.66171875 0.10546875 0.01171875 0.028125
2 0.95625 0.27578125 0.05234375 0.04609375
2 0.6453125 0.17890625 0.02734375 0.03359375
2 0.01015625 0.184375 0.0203125 0.05
2 0.99296875 0.2890625 0.01328125 0.0640625