1 0.33984375 0.18203125 0.08984375 0.07421875
1 0.4796875 0.9390625 0.1875 0.11953125
1 0.5828125 0.10546875 0.046875 0.0390625
1 0.521875 0.190625 0.09453125 0.06015625
1 0.74296875 0.18984375 0.0890625 0.07421875
1 0.59296875 0.14609375 0.06484375 0.04921875
3 0.9171875 0.4 0.03125 0.1296875
3 0.54296875 0.090625 0.03515625 0.05546875
0 0.20625 0.19296875 0.196875 0.14453125
2 0.44765625 0.24609375 0.04453125 0.05859375
2 0.64453125 0.24296875 0.04765625 0.05625
2 0.5203125 0.23359375 0.04296875 0.05546875
2 0.2703125 0.75546875 0.05390625 0.17890625
2 0.82109375 0.390625 0.03671875 0.071875
2 0.5796875 0.2265625 0.04296875 0.0640625
2 0.74296875 0.2796875 0.053125 0.05390625
2 0.09453125 0.19609375 0.03828125 0.06328125
2 0.87109375 0.26328125 0.0359375 0.05625
2 0.39453125 0.22421875 0.040625 0.05
2 0.434375 0.18046875 0.03359375 0.04296875
2 0.7953125 0.2671875 0.0546875 0.05625
2 0.721875 0.20390625 0.0390625 0.05078125
2 0.46875 0.1296875 0.00859375 0.0296875
2 0.4875 0.1453125 0.01328125 0.03515625
2 0.7328125 0.89921875 0.06171875 0.1984375
2 0.66796875 0.178125 0.01875 0.02890625
2 0.51875 0.14609375 0.0140625 0.028125
2 0.6609375 0.10859375 0.0109375 0.02421875
2 0.19140625 0.7375 0.06328125 0.146875
2 0.396875 0.15859375 0.01875 0.03515625
2 0.19921875 0.8265625 0.06328125 0.14609375
2 0.50625 0.1484375 0.01484375 0.0296875
2 0.86796875 0.2328125 0.04140625 0.053125
2 0.0328125 0.1890625 0.03203125 0.0453125
2 0.22109375 0.925 0.06796875 0.1484375
2 0.01328125 0.16953125 0.02578125 0.04375