1 0.196875 0.19453125 0.07109375 0.059375
1 0.77421875 0.26796875 0.12578125 0.0859375
1 0.55703125 0.215625 0.09921875 0.078125
1 0.825 0.2453125 0.11015625 0.07578125
1 0.50078125 0.86015625 0.14609375 0.278125
1 0.29765625 0.215625 0.09140625 0.078125
1 0.4875 0.23203125 0.0890625 0.07109375
1 0.10703125 0.82578125 0.20234375 0.34140625
1 0.63203125 0.18203125 0.0375 0.05859375
1 0.0328125 0.23828125 0.0640625 0.08046875
1 0.2671875 0.17109375 0.09609375 0.06171875
1 0.728125 0.83203125 0.16875 0.2609375
1 0.56796875 0.159375 0.05625 0.06171875
1 0.98046875 0.21328125 0.03828125 0.06953125
0 0.73984375 0.17265625 0.184375 0.1234375
0 0.08359375 0.17265625 0.1671875 0.12109375
2 0.26640625 0.54921875 0.05625 0.10078125
2 0.5734375 0.54140625 0.03515625 0.11796875
2 0.3890625 0.25546875 0.04140625 0.05859375
2 0.33203125 0.49609375 0.03671875 0.0953125
2 0.71953125 0.2890625 0.05234375 0.06484375
2 0.54140625 0.265625 0.0421875 0.0546875
2 0.4828125 0.2546875 0.03984375 0.04609375
2 0.66796875 0.5484375 0.05078125 0.11796875
2 0.31875 0.7484375 0.05703125 0.18515625
2 0.5015625 0.53046875 0.04296875 0.12109375
2 0.5078125 0.15859375 0.01953125 0.03203125
2 0.24296875 0.91171875 0.065625 0.1734375
2 0.33828125 0.865625 0.05703125 0.171875
2 0.30390625 0.2328125 0.03828125 0.04375
2 0.66640625 0.21953125 0.03671875 0.03984375
2 0.3859375 0.753125 0.05546875 0.19140625