1 0.56015625 0.19921875 0.0453125 0.06875
1 0.48984375 0.86875 0.15703125 0.2609375
1 0.50625 0.41171875 0.0734375 0.13359375
1 0.34453125 0.1078125 0.05703125 0.0453125
1 0.6015625 0.15859375 0.03046875 0.04921875
0 0.721875 0.471875 0.165625 0.490625
2 0.55546875 0.53125 0.03828125 0.11875
2 0.38671875 0.2953125 0.01875 0.04296875
2 0.43125 0.3140625 0.02109375 0.053125
2 0.225 0.13828125 0.02578125 0.028125
2 0.47421875 0.30625 0.01640625 0.0484375
2 0.1890625 0.12578125 0.01875 0.0265625
2 0.17734375 0.39140625 0.04765625 0.0703125
2 0.49921875 0.2359375 0.01484375 0.0390625
2 0.384375 0.22578125 0.01640625 0.03828125
2 0.15390625 0.13671875 0.02265625 0.0265625
2 0.796875 0.190625 0.02734375 0.0359375
2 0.115625 0.13359375 0.0203125 0.02421875
2 0.36171875 0.14765625 0.02109375 0.03046875
2 0.20390625 0.20078125 0.0328125 0.04296875
2 0.2828125 0.1421875 0.02421875 0.0265625
2 0.434375 0.103125 0.01171875 0.02421875
2 0.8265625 0.9546875 0.0359375 0.0890625
2 0.4828125 0.20546875 0.0140625 0.0390625
2 0.11953125 0.49375 0.053125 0.1046875
2 0.52890625 0.175 0.01171875 0.0296875
2 0.47421875 0.12734375 0.01015625 0.03046875
4 0.1484375 0.24375 0.07890625 0.12890625