1 0.17109375 0.19375 0.07890625 0.05703125
1 0.7265625 0.265625 0.11953125 0.084375
1 0.52578125 0.215625 0.1015625 0.0765625
1 0.275 0.21328125 0.08984375 0.06953125
1 0.50078125 0.86171875 0.14609375 0.275
1 0.24296875 0.16953125 0.09609375 0.06015625
1 0.778125 0.24453125 0.10546875 0.07421875
1 0.61796875 0.18203125 0.025 0.05625
1 0.028125 0.2296875 0.05625 0.07578125
1 0.4578125 0.24140625 0.0984375 0.08984375
1 0.728125 0.834375 0.16875 0.2609375
1 0.10625 0.828125 0.20390625 0.340625
1 0.6921875 0.7109375 0.15078125 0.21328125
0 0.06875 0.16875 0.1375 0.125
0 0.71953125 0.17109375 0.18359375 0.11875
2 0.2640625 0.5546875 0.059375 0.09609375
2 0.6359375 0.28671875 0.04765625 0.05546875
2 0.57265625 0.54296875 0.03359375 0.11640625
2 0.33203125 0.490625 0.03828125 0.10859375
2 0.32734375 0.2546875 0.03984375 0.05390625
2 0.24296875 0.91328125 0.065625 0.1703125
2 0.31796875 0.74609375 0.05703125 0.1796875
2 0.6125 0.121875 0.01796875 0.03203125
2 0.68125 0.55703125 0.04921875 0.109375
2 0.490625 0.15625 0.0171875 0.034375
2 0.38515625 0.75625 0.05546875 0.19375
2 0.5015625 0.53125 0.0421875 0.121875
2 0.48671875 0.259375 0.04140625 0.0546875
2 0.434375 0.24921875 0.04453125 0.046875
2 0.86484375 0.2140625 0.040625 0.03984375
2 0.3390625 0.87421875 0.06171875 0.18515625
2 0.365625 0.22109375 0.0328125 0.03984375
2 0.25703125 0.23046875 0.03984375 0.0390625
2 0.5875 0.209375 0.03046875 0.04140625