1 0.0828125 0.1390625 0.08359375 0.059375
1 0.14453125 0.13046875 0.08671875 0.0609375
1 0.4765625 0.76015625 0.13984375 0.30546875
3 0.64453125 0.03984375 0.07578125 0.0484375
3 0.9140625 0.3734375 0.03203125 0.13046875
3 0.540625 0.06328125 0.03359375 0.05390625
3 0.72421875 0.04921875 0.03671875 0.059375
3 0.48359375 0.0546875 0.07578125 0.0484375
3 0.91875 0.265625 0.028125 0.046875
0 0.74140625 0.64765625 0.35 0.70078125
2 0.1609375 0.81875 0.07265625 0.19921875
2 0.26328125 0.58046875 0.04921875 0.13828125
2 0.3421875 0.74921875 0.05546875 0.19921875
2 0.0484375 0.171875 0.03359375 0.05
2 0.328125 0.58359375 0.04453125 0.115625
2 0.23515625 0.203125 0.03828125 0.0546875
2 0.28515625 0.21875 0.04375 0.06484375
2 0.740625 0.2375 0.05078125 0.06015625
2 0.43359375 0.2265625 0.04296875 0.053125
2 0.10390625 0.1765625 0.03515625 0.05546875
2 0.84921875 0.2484375 0.05546875 0.06796875
2 0.4921875 0.21328125 0.04609375 0.0515625
2 0.16796875 0.18828125 0.04453125 0.05390625
2 0.47109375 0.1234375 0.015625 0.04296875
2 0.4078125 0.11640625 0.01484375 0.0359375
2 0.02734375 0.90859375 0.05390625 0.18125
2 0.23125 0.46640625 0.0546875 0.1046875
2 0.80078125 0.19453125 0.04375 0.04609375
2 0.5609375 0.26796875 0.0484375 0.06015625
2 0.43125 0.453125 0.05390625 0.1
2 0.453125 0.11875 0.01171875 0.03359375
2 0.31484375 0.12265625 0.02890625 0.05078125
2 0.69296875 0.2234375 0.04921875 0.0546875
2 0.7859375 0.11796875 0.0296875 0.03828125
2 0.0125 0.1296875 0.02421875 0.0515625
2 0.55078125 0.20546875 0.04296875 0.05390625
2 0.390625 0.559375 0.04765625 0.10703125
2 0.28828125 0.08203125 0.01953125 0.0265625
2 0.3671875 0.17890625 0.03359375 0.040625
2 0.859375 0.1796875 0.0421875 0.0484375
2 0.75078125 0.16875 0.0375 0.04296875
2 0.43671875 0.1078125 0.015625 0.034375
2 0.38984375 0.20859375 0.04296875 0.0546875
2 0.27734375 0.16328125 0.0328125 0.03984375
2 0.78046875 0.1828125 0.02265625 0.034375
2 0.65546875 0.20859375 0.03828125 0.04453125
2 0.4390625 0.16953125 0.03671875 0.04140625
2 0.69921875 0.17265625 0.03359375 0.04375
2 0.009375 0.16015625 0.01875 0.0421875