1 0.60859375 0.10390625 0.06796875 0.04609375
1 0.471875 0.8296875 0.15859375 0.3390625
1 0.2953125 0.09375 0.07265625 0.046875
1 0.88046875 0.9359375 0.23828125 0.12578125
3 0.9234375 0.365625 0.03203125 0.1296875
3 0.928125 0.25625 0.028125 0.046875
3 0.54609375 0.0609375 0.03515625 0.0546875
0 0.81015625 0.07578125 0.20078125 0.13359375
2 0.16171875 0.32734375 0.04765625 0.0734375
2 0.378125 0.39140625 0.0546875 0.0859375
2 0.34609375 0.92890625 0.07109375 0.140625
2 0.50234375 0.54765625 0.04140625 0.11015625
2 0.08203125 0.403125 0.07734375 0.084375
2 0.19453125 0.10078125 0.02421875 0.03671875
2 0.446875 0.54296875 0.03984375 0.0890625
2 0.61796875 0.16953125 0.03125 0.04453125
2 0.38828125 0.27265625 0.04375 0.06171875
2 0.50390625 0.16640625 0.03359375 0.0484375
2 0.28515625 0.3109375 0.04765625 0.0703125
2 0.09609375 0.50078125 0.03125 0.06875
2 0.6796875 0.15546875 0.0328125 0.04375
2 0.5453125 0.56171875 0.03828125 0.109375
2 0.15390625 0.68046875 0.1046875 0.1234375
2 0.36796875 0.240625 0.03359375 0.05546875
2 0.496875 0.1046875 0.02734375 0.03125
2 0.58671875 0.15703125 0.03203125 0.04296875
2 0.49921875 0.465625 0.0375 0.09921875
2 0.24453125 0.69921875 0.06953125 0.14140625
2 0.478125 0.15546875 0.0265625 0.04453125
2 0.265625 0.83515625 0.04296875 0.1296875
2 0.15078125 0.103125 0.02421875 0.03984375
2 0.53828125 0.17734375 0.028125 0.053125
2 0.265625 0.084375 0.02109375 0.03125
2 0.453125 0.1078125 0.02421875 0.03984375
2 0.6671875 0.11171875 0.03125 0.0359375
2 0.18671875 0.5609375 0.04453125 0.0890625
2 0.5734375 0.14609375 0.02578125 0.04296875
2 0.1625 0.521875 0.02578125 0.07421875
2 0.246875 0.95078125 0.06953125 0.096875
2 0.25625 0.38203125 0.0546875 0.06484375
2 0.3015625 0.68046875 0.0625 0.12578125
4 0.7265625 0.5859375 0.27109375 0.53046875
4 0.3328125 0.159375 0.22734375 0.18359375