1 0.47109375 0.8296875 0.15859375 0.3390625
1 0.01640625 0.08671875 0.0328125 0.04140625
1 0.6375 0.10390625 0.06015625 0.04609375
1 0.88046875 0.93671875 0.23828125 0.12421875
3 0.92265625 0.3640625 0.03125 0.13046875
3 0.54609375 0.059375 0.03515625 0.05390625
3 0.73046875 0.04140625 0.03828125 0.06171875
3 0.92734375 0.2546875 0.02890625 0.0484375
3 0.65 0.034375 0.0765625 0.0484375
3 0.48828125 0.05234375 0.07734375 0.05078125
2 0.1921875 0.31015625 0.04765625 0.0703125
2 0.3359375 0.2890625 0.04140625 0.06796875
2 0.37734375 0.390625 0.0546875 0.0859375
2 0.50234375 0.5484375 0.03984375 0.10703125
2 0.709375 0.14765625 0.03203125 0.0453125
2 0.43671875 0.25625 0.04296875 0.059375
2 0.34609375 0.928125 0.07109375 0.14140625
2 0.41015625 0.22265625 0.034375 0.0546875
2 0.44375 0.546875 0.03359375 0.07890625
2 0.54140625 0.103125 0.028125 0.03125
2 0.5453125 0.56171875 0.03671875 0.10546875
2 0.60390625 0.140625 0.02890625 0.04140625
2 0.20859375 0.1015625 0.025 0.046875
2 0.5640625 0.16875 0.02890625 0.04921875
2 0.50234375 0.14765625 0.028125 0.04375
2 0.16484375 0.1015625 0.03125 0.040625
2 0.09453125 0.4984375 0.03125 0.071875
2 0.26796875 0.82421875 0.05078125 0.15625
2 0.16171875 0.5296875 0.02421875 0.0890625
2 0.62265625 0.14921875 0.0296875 0.04375
2 0.18359375 0.56171875 0.04375 0.09296875
2 0.24453125 0.69765625 0.06953125 0.14140625
2 0.46171875 0.47734375 0.02265625 0.07890625
2 0.65859375 0.12578125 0.0296875 0.034375
2 0.0296875 0.409375 0.0484375 0.0859375
2 0.64453125 0.1609375 0.0296875 0.046875
2 0.0828125 0.10078125 0.0234375 0.03203125
2 0.534375 0.16015625 0.03359375 0.04609375
2 0.4984375 0.46484375 0.0375 0.1
2 0.29140625 0.07421875 0.01953125 0.03046875
2 0.675 0.10234375 0.02265625 0.03203125
2 0.25546875 0.38046875 0.05390625 0.06484375
2 0.70234375 0.11171875 0.03046875 0.034375
4 0.72578125 0.584375 0.2703125 0.53125
4 0.35859375 0.15234375 0.2234375 0.17109375