1 0.47734375 0.7546875 0.13984375 0.30546875
1 0.178125 0.12890625 0.084375 0.065625
1 0.1171875 0.1390625 0.07890625 0.065625
3 0.540625 0.0578125 0.03515625 0.0546875
3 0.9140625 0.36796875 0.03203125 0.13046875
3 0.4828125 0.04921875 0.0765625 0.04921875
3 0.64453125 0.03359375 0.07734375 0.05078125
3 0.9078125 0.46953125 0.02578125 0.04375
3 0.91875 0.25859375 0.028125 0.046875
0 0.7421875 0.6453125 0.34921875 0.70546875
2 0.30625 0.4140625 0.0546875 0.08671875
2 0.5203125 0.40625 0.05859375 0.09609375
2 0.18828125 0.77109375 0.0734375 0.1859375
2 0.0515625 0.79296875 0.05390625 0.1890625
2 0.3421875 0.74296875 0.05390625 0.19921875
2 0.3734375 0.22421875 0.04296875 0.05703125
2 0.0953125 0.17265625 0.034375 0.04921875
2 0.51171875 0.2265625 0.0453125 0.0546875
2 0.8609375 0.2390625 0.046875 0.05859375
2 0.15703125 0.178125 0.0375 0.0546875
2 0.2875 0.534375 0.04296875 0.13203125
2 0.5734375 0.2125 0.046875 0.05625
2 0.8046875 0.2234375 0.0515625 0.0546875
2 0.74765625 0.209375 0.04765625 0.0515625
2 0.6296875 0.271875 0.05234375 0.0546875
2 0.41484375 0.11640625 0.01640625 0.03828125
2 0.4671875 0.11875 0.0140625 0.0390625
2 0.26484375 0.2015625 0.0421875 0.0546875
2 0.30546875 0.125 0.0203125 0.03359375
2 0.03984375 0.153125 0.040625 0.04609375
2 0.49375 0.13125 0.01953125 0.034375
2 0.23984375 0.0828125 0.0234375 0.0265625
2 0.34375 0.19609375 0.0296875 0.04609375
2 0.7859375 0.11328125 0.02890625 0.0390625
2 0.5234375 0.17109375 0.03828125 0.04375
2 0.23203125 0.18828125 0.03671875 0.0515625
2 0.76640625 0.17578125 0.0390625 0.04140625
2 0.8203125 0.1734375 0.0390625 0.040625
2 0.38984375 0.540625 0.05234375 0.13359375
2 0.61796875 0.20859375 0.05234375 0.04921875
2 0.971875 0.25703125 0.05546875 0.05703125
2 0.33359375 0.16328125 0.02890625 0.03671875
2 0.08359375 0.12265625 0.02109375 0.0359375
2 0.7859375 0.159375 0.03359375 0.040625
2 0.44296875 0.17421875 0.034375 0.0453125
2 0.87109375 0.18359375 0.03359375 0.0390625
2 0.46015625 0.20859375 0.04609375 0.0546875
2 0.0171875 0.18671875 0.03359375 0.04921875