1 0.196875 0.18203125 0.0859375 0.06015625
1 0.53984375 0.59375 0.1125 0.234375
1 0.51796875 0.20546875 0.08203125 0.06328125
1 0.096875 0.14296875 0.07734375 0.0484375
1 0.5015625 0.8984375 0.1734375 0.2015625
1 0.784375 0.8234375 0.23046875 0.3515625
1 0.53046875 0.13359375 0.0375 0.04375
1 0.62578125 0.1734375 0.07578125 0.0609375
1 0.04609375 0.34296875 0.0921875 0.1921875
1 0.45859375 0.11484375 0.03046875 0.0484375
2 0.74765625 0.2171875 0.040625 0.0453125
2 0.61328125 0.24296875 0.05390625 0.05703125
2 0.63671875 0.125 0.01796875 0.02578125
2 0.2921875 0.23046875 0.053125 0.05546875
2 0.14453125 0.22421875 0.03125 0.04375
2 0.5953125 0.50078125 0.03671875 0.1140625
2 0.8359375 0.23515625 0.04453125 0.05
2 0.79765625 0.22421875 0.04453125 0.05390625
2 0.22265625 0.22890625 0.04140625 0.0453125
2 0.25078125 0.1171875 0.0265625 0.034375
2 0.09140625 0.21953125 0.03359375 0.04375
2 0.49140625 0.24609375 0.03828125 0.06484375
2 0.28203125 0.13203125 0.02109375 0.025
2 0.3359375 0.1484375 0.0359375 0.03046875
2 0.55703125 0.17109375 0.02109375 0.0390625
2 0.7765625 0.19921875 0.03046875 0.034375
2 0.67890625 0.178125 0.02109375 0.034375
2 0.5765625 0.17734375 0.021875 0.03203125
2 0.640625 0.21328125 0.03984375 0.0453125
2 0.75390625 0.12421875 0.01953125 0.02421875
2 0.36953125 0.25625 0.04375 0.05390625
2 0.1890625 0.21640625 0.0296875 0.040625