1 0.01328125 0.08515625 0.0265625 0.0390625
1 0.47109375 0.8296875 0.15859375 0.3390625
1 0.88046875 0.93671875 0.23828125 0.12421875
3 0.9234375 0.3640625 0.03203125 0.13046875
3 0.54609375 0.059375 0.03515625 0.05390625
3 0.92734375 0.25546875 0.028125 0.04921875
3 0.65 0.034375 0.0765625 0.05
3 0.48828125 0.05234375 0.078125 0.05078125
2 0.328125 0.29296875 0.04296875 0.06796875
2 0.18671875 0.3125 0.04765625 0.07109375
2 0.37734375 0.390625 0.0546875 0.0859375
2 0.53515625 0.1015625 0.028125 0.03359375
2 0.50234375 0.54921875 0.0390625 0.10625
2 0.42890625 0.259375 0.04296875 0.05859375
2 0.44453125 0.54609375 0.034375 0.08046875
2 0.3453125 0.928125 0.07109375 0.14140625
2 0.2 0.1015625 0.02578125 0.04453125
2 0.5453125 0.56328125 0.03671875 0.10546875
2 0.4984375 0.14921875 0.028125 0.04296875
2 0.56015625 0.16953125 0.02890625 0.0515625
2 0.52890625 0.1609375 0.03359375 0.046875
2 0.04609375 0.46015625 0.05625 0.09296875
2 0.23515625 0.09921875 0.025 0.04296875
2 0.09453125 0.49921875 0.03046875 0.06953125
2 0.64296875 0.16171875 0.03359375 0.046875
2 0.26875 0.8234375 0.0515625 0.15859375
2 0.61796875 0.15078125 0.03046875 0.04296875
2 0.59921875 0.14296875 0.0296875 0.03828125
2 0.24375 0.6953125 0.0703125 0.14609375
2 0.46171875 0.478125 0.0234375 0.07890625
2 0.475 0.10703125 0.01875 0.03828125
2 0.4984375 0.46484375 0.03671875 0.1
2 0.28828125 0.0765625 0.02109375 0.03125
2 0.40390625 0.22578125 0.034375 0.0515625
2 0.1578125 0.103125 0.03046875 0.03828125
2 0.16171875 0.5265625 0.0234375 0.08203125
2 0.18515625 0.56328125 0.0421875 0.08984375
2 0.296875 0.678125 0.0671875 0.1296875
2 0.69765625 0.11015625 0.03203125 0.03515625
2 0.25546875 0.38046875 0.05390625 0.0640625
2 0.1515625 0.703125 0.08828125 0.13203125
2 0.7046875 0.14921875 0.0328125 0.04453125
4 0.72578125 0.584375 0.2703125 0.53125
4 0.35390625 0.1546875 0.22421875 0.171875