1 0.47578125 0.76953125 0.13984375 0.30546875
3 0.64296875 0.05078125 0.07578125 0.04921875
3 0.5390625 0.071875 0.03515625 0.05390625
3 0.7234375 0.05859375 0.03359375 0.0546875
3 0.9125 0.38359375 0.03203125 0.13046875
3 0.9171875 0.27421875 0.028125 0.0484375
0 0.740625 0.653125 0.34921875 0.690625
2 0.34140625 0.75859375 0.05546875 0.20078125
2 0.72421875 0.184375 0.04140625 0.04375
2 0.3859375 0.2421875 0.05546875 0.05625
2 0.24609375 0.14296875 0.03203125 0.03515625
2 0.128125 0.21328125 0.04296875 0.05703125
2 0.4328125 0.10390625 0.01171875 0.03828125
2 0.29375 0.23515625 0.04296875 0.0515625
2 0.20546875 0.196875 0.03984375 0.0484375
2 0.4890625 0.15703125 0.02265625 0.0390625
2 0.55234375 0.14375 0.01953125 0.03984375
2 0.646875 0.159375 0.0265625 0.046875
2 0.0921875 0.18046875 0.03828125 0.04296875
2 0.4609375 0.18828125 0.04453125 0.0515625
2 0.78359375 0.1296875 0.02890625 0.03359375
2 0.39375 0.10703125 0.01171875 0.03046875
2 0.5125 0.14296875 0.015625 0.03515625
2 0.52890625 0.15078125 0.01875 0.0390625
2 0.15390625 0.19609375 0.03984375 0.053125
2 0.32578125 0.1890625 0.04140625 0.04921875
2 0.24140625 0.84921875 0.05625 0.14453125
2 0.2734375 0.19609375 0.0296875 0.04375
2 0.8703125 0.246875 0.0265625 0.04453125
2 0.0453125 0.1578125 0.03359375 0.046875
2 0.38984375 0.55546875 0.04921875 0.134375
2 0.40625 0.21171875 0.04140625 0.04921875
2 0.03046875 0.18203125 0.034375 0.059375
2 0.32421875 0.128125 0.01171875 0.03125
2 0.084375 0.9078125 0.07734375 0.18203125
2 0.59921875 0.1484375 0.02109375 0.04375
2 0.0109375 0.1921875 0.021875 0.05625
2 0.10703125 0.55546875 0.04453125 0.12578125