1 0.35078125 0.18515625 0.08984375 0.071875
1 0.4796875 0.9390625 0.1875 0.11953125
1 0.53203125 0.19140625 0.09609375 0.06015625
1 0.58359375 0.10625 0.05390625 0.04296875
1 0.753125 0.19296875 0.08984375 0.07421875
1 0.59609375 0.14453125 0.0625 0.04609375
3 0.91640625 0.40078125 0.03125 0.13046875
3 0.646875 0.0671875 0.0765625 0.05078125
3 0.54375 0.090625 0.034375 0.05390625
3 0.7265625 0.07578125 0.03828125 0.059375
3 0.921875 0.2890625 0.0296875 0.04921875
0 0.22890625 0.19453125 0.1984375 0.14609375
2 0.2703125 0.75546875 0.05390625 0.17890625
2 0.66953125 0.24453125 0.0453125 0.05703125
2 0.46953125 0.25 0.04609375 0.05546875
2 0.4140625 0.2265625 0.03984375 0.04921875
2 0.59921875 0.2328125 0.04296875 0.0546875
2 0.5421875 0.2359375 0.04453125 0.0546875
2 0.7703125 0.28203125 0.05390625 0.05390625
2 0.728125 0.8671875 0.05859375 0.215625
2 0.8265625 0.26953125 0.0515625 0.06015625
2 0.02734375 0.1734375 0.02578125 0.03984375
2 0.8375 0.38046875 0.0375 0.06875
2 0.0484375 0.19296875 0.03203125 0.04375
2 0.49140625 0.14609375 0.0140625 0.03828125
2 0.44140625 0.1828125 0.034375 0.04140625
2 0.73828125 0.21171875 0.03984375 0.0453125
2 0.4703125 0.128125 0.01015625 0.0359375
2 0.11953125 0.2015625 0.03125 0.0546875
2 0.1921875 0.7390625 0.06328125 0.14921875
2 0.51015625 0.146875 0.01484375 0.0359375
2 0.19921875 0.8265625 0.06328125 0.14609375
2 0.878125 0.23671875 0.02265625 0.046875
2 0.40546875 0.0984375 0.01484375 0.02578125
2 0.80546875 0.16171875 0.02421875 0.04140625
2 0.5234375 0.146875 0.01484375 0.028125
2 0.22109375 0.925 0.06796875 0.1484375
2 0.95 0.34375 0.03984375 0.05859375