1 0.18203125 0.19375 0.07578125 0.05859375
1 0.5375 0.2140625 0.09921875 0.08046875
1 0.74609375 0.26640625 0.11953125 0.08515625
1 0.79609375 0.24453125 0.10703125 0.07421875
1 0.50078125 0.8609375 0.14609375 0.27578125
1 0.6234375 0.18203125 0.02890625 0.05859375
1 0.253125 0.17109375 0.09609375 0.06171875
1 0.10625 0.828125 0.2046875 0.34296875
1 0.728125 0.83359375 0.16953125 0.26171875
1 0.28359375 0.21328125 0.090625 0.06953125
1 0.46875 0.234375 0.09453125 0.07421875
1 0.5640625 0.15703125 0.05390625 0.05546875
1 0.6921875 0.71171875 0.1515625 0.21171875
1 0.0296875 0.23359375 0.059375 0.0796875
0 0.07578125 0.17421875 0.1515625 0.11796875
0 0.72734375 0.16796875 0.18515625 0.125
2 0.26640625 0.553125 0.05859375 0.0953125
2 0.5734375 0.54296875 0.03359375 0.11640625
2 0.33203125 0.49140625 0.03828125 0.10546875
2 0.6765625 0.5515625 0.0453125 0.1140625
2 0.66796875 0.28984375 0.05 0.05546875
2 0.35234375 0.253125 0.03984375 0.0609375
2 0.31875 0.74453125 0.05703125 0.1734375
2 0.24296875 0.91171875 0.06640625 0.171875
2 0.3375 0.87109375 0.05859375 0.1765625
2 0.49765625 0.15546875 0.01796875 0.03671875
2 0.5078125 0.253125 0.04140625 0.07421875
2 0.88046875 0.21953125 0.04296875 0.04296875
2 0.45390625 0.2515625 0.0421875 0.0453125
2 0.2765625 0.23203125 0.03359375 0.04140625
2 0.5953125 0.20625 0.03046875 0.04609375
2 0.38515625 0.75546875 0.05625 0.19453125
2 0.5015625 0.53125 0.04140625 0.121875
2 0.6546875 0.22109375 0.0296875 0.03671875