1 0.1734375 0.12890625 0.08515625 0.065625
1 0.11953125 0.1390625 0.08671875 0.0640625
1 0.47734375 0.75546875 0.13984375 0.30546875
1 0.4859375 0.096875 0.0421875 0.0515625
3 0.64453125 0.03515625 0.07578125 0.0484375
3 0.9140625 0.36953125 0.03203125 0.1296875
3 0.53984375 0.05859375 0.03515625 0.0546875
3 0.725 0.04375 0.03671875 0.05625
3 0.91796875 0.259375 0.02734375 0.0453125
3 0.9078125 0.47109375 0.02578125 0.04140625
3 0.4828125 0.04921875 0.07734375 0.04921875
0 0.74140625 0.64609375 0.35 0.7046875
2 0.18515625 0.77734375 0.07265625 0.1859375
2 0.50859375 0.4125 0.05703125 0.096875
2 0.3421875 0.74375 0.0546875 0.19921875
2 0.36171875 0.22421875 0.04296875 0.05703125
2 0.04921875 0.80859375 0.05546875 0.18984375
2 0.14921875 0.1765625 0.03671875 0.05859375
2 0.5015625 0.22734375 0.0453125 0.053125
2 0.5625 0.21171875 0.04765625 0.05703125
2 0.8484375 0.240625 0.05390625 0.05625
2 0.73515625 0.21015625 0.04921875 0.05
2 0.0890625 0.17265625 0.034375 0.04921875
2 0.790625 0.22421875 0.05078125 0.053125
2 0.621875 0.2734375 0.05234375 0.0515625
2 0.284375 0.53984375 0.04296875 0.13125
2 0.034375 0.15546875 0.04140625 0.04296875
2 0.44375 0.109375 0.01875 0.0359375
2 0.26328125 0.20234375 0.0375 0.053125
2 0.24609375 0.0828125 0.0234375 0.0265625
2 0.4140625 0.11640625 0.015625 0.03828125
2 0.6140625 0.21015625 0.04296875 0.0484375
2 0.87734375 0.19453125 0.01875 0.0546875
2 0.29609375 0.41875 0.05546875 0.08984375
2 0.465625 0.1171875 0.0140625 0.03984375
2 0.334375 0.19609375 0.0296875 0.046875
2 0.30625 0.1265625 0.0203125 0.03203125
2 0.784375 0.1140625 0.03046875 0.0390625
2 0.859375 0.184375 0.03359375 0.03984375
2 0.0796875 0.12421875 0.01953125 0.03203125
2 0.49140625 0.128125 0.01953125 0.034375
2 0.51328125 0.165625 0.03671875 0.05546875
2 0.22578125 0.18828125 0.040625 0.053125
2 0.01328125 0.1859375 0.0265625 0.05078125
2 0.75703125 0.17578125 0.0390625 0.04140625
2 0.80703125 0.171875 0.04765625 0.04140625
2 0.45078125 0.20859375 0.04765625 0.05703125
2 0.434375 0.1765625 0.03515625 0.04296875
2 0.95703125 0.2546875 0.05625 0.0609375