1 0.1984375 0.18359375 0.08359375 0.0609375
1 0.5390625 0.59375 0.1125 0.234375
1 0.5015625 0.8984375 0.1734375 0.2015625
1 0.52109375 0.20546875 0.08203125 0.0609375
1 0.803125 0.87265625 0.18828125 0.253125
1 0.53125 0.134375 0.0359375 0.04296875
1 0.45859375 0.115625 0.02890625 0.0484375
2 0.37109375 0.2515625 0.0484375 0.065625
2 0.14609375 0.225 0.03203125 0.04296875
2 0.753125 0.2171875 0.04140625 0.04921875
2 0.803125 0.221875 0.04453125 0.05390625
2 0.22734375 0.22890625 0.04296875 0.04609375
2 0.70703125 0.196875 0.04921875 0.0515625
2 0.24921875 0.11875 0.02421875 0.03125
2 0.5953125 0.50078125 0.03671875 0.1140625
2 0.28046875 0.13203125 0.02109375 0.025
2 0.61796875 0.24140625 0.0546875 0.059375
2 0.63671875 0.12421875 0.01796875 0.02578125
2 0.84140625 0.2375 0.04453125 0.046875
2 0.41953125 0.23125 0.03359375 0.05859375
2 0.5578125 0.17109375 0.02109375 0.04140625
2 0.68046875 0.1765625 0.021875 0.03515625
2 0.49453125 0.246875 0.040625 0.06640625
2 0.75390625 0.12421875 0.01953125 0.02421875
2 0.7796875 0.1984375 0.0296875 0.03203125
2 0.50078125 0.2234375 0.04296875 0.06875
2 0.33828125 0.1484375 0.03515625 0.03203125
2 0.09296875 0.21953125 0.03203125 0.04453125
2 0.19140625 0.21640625 0.03046875 0.04296875