1 0.5921875 0.1875 0.02890625 0.0453125
1 0.50234375 0.86171875 0.13671875 0.27421875
1 0.05625 0.415625 0.1015625 0.165625
1 0.4390625 0.14296875 0.02421875 0.03046875
1 0.55078125 0.24453125 0.03515625 0.0609375
1 0.61328125 0.3421875 0.065625 0.115625
1 0.32890625 0.18828125 0.03828125 0.06015625
1 0.4984375 0.17421875 0.0140625 0.01953125
3 0.92890625 0.45703125 0.03125 0.13203125
3 0.9328125 0.3484375 0.02734375 0.046875
3 0.521875 0.1421875 0.0234375 0.04375
3 0.59609375 0.03125 0.02421875 0.01484375
3 0.5875 0.03203125 0.00703125 0.01484375
0 0.77109375 0.69609375 0.38359375 0.60390625
2 0.3671875 0.5265625 0.0234375 0.0640625
2 0.471875 0.2984375 0.02578125 0.04921875
2 0.475 0.22890625 0.0140625 0.03203125
2 0.41484375 0.3453125 0.01875 0.0609375
2 0.178125 0.45 0.02265625 0.06640625
4 0.13046875 0.2453125 0.10234375 0.159375
4 0.2421875 0.2109375 0.07265625 0.11171875
4 0.1890625 0.2734375 0.08984375 0.14296875